195.90	-0.862
196.17	-0.697
196.44	-0.697
196.71	-0.000
196.98	-0.000
197.25	0.068
197.52	0.040
197.79	-0.063
198.06	-0.000
198.33	0.008
198.60	0.124
198.87	-0.118
199.15	-0.173
199.42	-0.659
199.69	0.790
199.96	0.639
200.23	-0.000
200.50	-0.000
200.77	-0.000
201.04	-0.000
201.31	-0.000
201.58	-0.000
201.85	1.699
202.12	0.447
202.39	0.319
202.66	0.294
202.93	0.258
203.20	0.245
203.47	0.243
203.74	0.314
204.01	0.328
204.28	0.284
204.55	0.254
204.82	0.309
205.09	0.301
205.36	0.271
205.63	0.327
205.90	0.380
206.17	0.298
206.44	0.310
206.71	0.253
206.98	0.281
207.25	0.298
207.52	0.361
207.79	0.508
208.06	0.667
208.33	0.957
208.60	1.087
208.87	0.930
209.14	0.774
209.41	0.647
209.68	0.625
209.95	0.736
210.22	0.562
210.49	0.507
210.76	0.458
211.03	0.434
211.30	0.447
211.57	0.484
211.84	0.584
212.11	0.829
212.38	1.051
212.65	0.921
212.92	0.915
213.19	0.956
213.46	1.023
213.73	1.102
214.00	1.612
214.27	1.870
214.54	1.481
214.81	1.206
215.08	1.003
215.35	0.930
215.62	0.953
215.89	1.015
216.16	1.162
216.43	1.288
216.70	1.338
216.97	1.185
217.24	1.146
217.51	1.121
217.78	1.253
218.05	1.282
218.32	1.381
218.59	1.374
218.86	1.455
219.13	1.396
219.40	1.284
219.67	1.338
219.94	1.403
220.21	1.387
220.48	1.447
220.75	1.506
221.02	1.532
221.29	1.511
221.56	1.489
221.83	1.431
222.10	1.488
222.37	1.424
222.63	1.340
222.90	1.316
223.17	1.361
223.44	1.376
223.71	1.356
223.98	1.403
224.25	1.486
224.52	1.423
224.79	1.464
225.06	1.493
225.33	1.569
225.60	1.678
225.87	1.663
226.14	1.674
226.41	1.655
226.68	1.581
226.95	1.594
227.22	1.511
227.49	1.568
227.76	1.553
228.03	1.626
228.30	1.573
228.56	1.584
228.83	1.539
229.10	1.547
229.37	1.565
229.64	1.627
229.91	1.656
230.18	1.612
230.45	1.623
230.72	1.633
230.99	1.557
231.26	1.620
231.53	1.533
231.80	1.562
232.07	1.501
232.34	1.536
232.61	1.493
232.88	1.489
233.14	1.459
233.41	1.465
233.68	1.450
233.95	1.470
234.22	1.439
234.49	1.463
234.76	1.478
235.03	1.490
235.30	1.490
235.57	1.553
235.84	1.621
236.11	1.749
236.38	1.829
236.64	1.869
236.91	1.807
237.18	1.753
237.45	1.628
237.72	1.653
237.99	1.607
238.26	1.615
238.53	1.594
238.80	1.594
239.07	1.554
239.34	1.558
239.61	1.521
239.87	1.559
240.14	1.577
240.41	1.595
240.68	1.602
240.95	1.597
241.22	1.569
241.49	1.530
241.76	1.491
242.03	1.519
242.30	1.504
242.57	1.560
242.83	1.584
243.10	1.614
243.37	1.596
243.64	1.609
243.91	1.603
244.18	1.636
244.45	1.671
244.72	1.741
244.99	1.725
245.26	1.677
245.52	1.667
245.79	1.617
246.06	1.587
246.33	1.601
246.60	1.629
246.87	1.620
247.14	1.628
247.41	1.569
247.68	1.528
247.94	1.507
248.21	1.519
248.48	1.520
248.75	1.556
249.02	1.637
249.29	1.659
249.56	1.595
249.83	1.585
250.10	1.566
250.36	1.561
250.63	1.533
250.90	1.552
251.17	1.583
251.44	1.600
251.71	1.568
251.98	1.534
252.25	1.522
252.51	1.559
252.78	1.601
253.05	1.635
253.32	1.700
253.59	1.755
253.86	1.701
254.13	1.661
254.39	1.592
254.66	1.578
254.93	1.559
255.20	1.556
255.47	1.573
255.74	1.544
256.01	1.513
256.28	1.510
256.54	1.540
256.81	1.550
257.08	1.595
257.35	1.671
257.62	1.720
257.89	1.722
258.16	1.709
258.42	1.710
258.69	1.659
258.96	1.640
259.23	1.614
259.50	1.609
259.77	1.579
260.04	1.549
260.30	1.494
260.57	1.476
260.84	1.484
261.11	1.485
261.38	1.491
261.65	1.512
261.91	1.520
262.18	1.548
262.45	1.582
262.72	1.618
262.99	1.634
263.26	1.631
263.52	1.657
263.79	1.653
264.06	1.614
264.33	1.598
264.60	1.606
264.87	1.578
265.14	1.582
265.40	1.582
265.67	1.566
265.94	1.562
266.21	1.564
266.48	1.578
266.74	1.603
267.01	1.584
267.28	1.584
267.55	1.588
267.82	1.611
268.09	1.574
268.35	1.567
268.62	1.572
268.89	1.578
269.16	1.554
269.43	1.571
269.70	1.593
269.96	1.604
270.23	1.589
270.50	1.546
270.77	1.528
271.04	1.533
271.30	1.515
271.57	1.517
271.84	1.536
272.11	1.562
272.38	1.545
272.65	1.574
272.91	1.585
273.18	1.503
273.45	1.515
273.72	1.545
273.99	1.523
274.25	1.534
274.52	1.670
274.79	1.656
275.06	1.591
275.33	1.603
275.59	1.583
275.86	1.586
276.13	1.596
276.40	1.621
276.67	1.616
276.93	1.659
277.20	1.655
277.47	1.479
277.74	1.465
278.01	1.488
278.27	1.462
278.54	1.458
278.81	1.531
279.08	1.590
279.35	1.559
279.61	1.522
279.88	1.522
280.15	1.527
280.42	1.521
280.68	1.526
280.95	1.520
281.22	1.523
281.49	1.515
281.76	1.503
282.02	1.500
282.29	1.498
282.56	1.491
282.83	1.500
283.10	1.519
283.36	1.538
283.63	1.528
283.90	1.577
284.17	1.579
284.43	1.586
284.70	1.610
284.97	1.581
285.24	1.567
285.50	1.572
285.77	1.558
286.04	1.548
286.31	1.550
286.58	1.545
286.84	1.503
287.11	1.497
287.38	1.516
287.65	1.551
287.91	1.569
288.18	1.619
288.45	1.634
288.72	1.610
288.98	1.604
289.25	1.585
289.52	1.567
289.79	1.554
290.05	1.573
290.32	1.591
290.59	1.535
290.86	1.516
291.12	1.523
291.39	1.491
291.66	1.479
291.93	1.494
292.19	1.496
292.46	1.492
292.73	1.521
293.00	1.504
293.26	1.496
293.53	1.493
293.80	1.492
294.07	1.487
294.33	1.505
294.60	1.523
294.87	1.497
295.14	1.506
295.40	1.535
295.67	1.505
295.94	1.503
296.21	1.504
296.47	1.502
296.74	1.481
297.01	1.483
297.28	1.494
297.54	1.508
297.81	1.525
298.08	1.516
298.35	1.517
298.61	1.517
298.88	1.485
299.15	1.466
299.41	1.468
299.68	1.480
299.95	1.470
300.22	1.472
300.48	1.467
300.75	1.450
301.02	1.455
301.29	1.454
301.55	1.460
301.82	1.494
302.09	1.542
302.35	1.541
302.62	1.556
302.89	1.545
303.16	1.511
303.42	1.510
303.69	1.504
303.96	1.495
304.22	1.481
304.49	1.499
304.76	1.484
305.03	1.467
305.29	1.473
305.56	1.459
305.83	1.461
306.09	1.480
306.36	1.511
306.63	1.511
306.89	1.498
307.16	1.509
307.43	1.489
307.70	1.480
307.96	1.482
308.23	1.481
308.50	1.471
308.76	1.452
309.03	1.447
309.30	1.431
309.56	1.429
309.83	1.443
310.10	1.462
310.37	1.474
310.63	1.493
310.90	1.487
311.17	1.462
311.43	1.453
311.70	1.456
311.97	1.456
312.23	1.458
312.50	1.485
312.77	1.484
313.03	1.463
313.30	1.456
313.57	1.430
313.84	1.426
314.10	1.441
314.37	1.437
314.64	1.436
314.90	1.430
315.17	1.432
315.44	1.411
315.70	1.394
315.97	1.405
316.24	1.422
316.50	1.428
316.77	1.474
317.04	1.461
317.30	1.484
317.57	1.488
317.84	1.494
318.10	1.481
318.37	1.479
318.64	1.473
318.90	1.461
319.17	1.428
319.44	1.418
319.70	1.392
319.97	1.401
320.24	1.415
320.50	1.411
320.77	1.397
321.04	1.420
321.30	1.415
321.57	1.418
321.84	1.413
322.10	1.435
322.37	1.419
322.64	1.407
322.90	1.404
323.17	1.400
323.44	1.390
323.70	1.391
323.97	1.382
324.23	1.370
324.50	1.387
324.77	1.386
325.03	1.380
325.30	1.377
325.57	1.380
325.83	1.402
326.10	1.392
326.37	1.383
326.63	1.383
326.90	1.390
327.17	1.390
327.43	1.380
327.70	1.387
327.96	1.394
328.23	1.371
328.50	1.348
328.76	1.351
329.03	1.355
329.30	1.361
329.56	1.341
329.83	1.312
330.10	1.316
330.36	1.317
330.63	1.297
330.89	1.291
331.16	1.314
331.43	1.315
331.69	1.305
331.96	1.322
332.23	1.319
332.49	1.327
332.76	1.346
333.02	1.357
333.29	1.348
333.56	1.344
333.82	1.338
334.09	1.303
334.36	1.287
334.62	1.291
334.89	1.265
335.15	1.261
335.42	1.252
335.69	1.244
335.95	1.246
336.22	1.258
336.48	1.235
336.75	1.240
337.02	1.267
337.28	1.265
337.55	1.276
337.82	1.284
338.08	1.312
338.35	1.324
338.61	1.311
338.88	1.290
339.15	1.278
339.41	1.271
339.68	1.261
339.94	1.254
340.21	1.261
340.48	1.260
340.74	1.250
341.01	1.231
341.27	1.213
341.54	1.221
341.81	1.221
342.07	1.226
342.34	1.245
342.60	1.264
342.87	1.243
343.13	1.229
343.40	1.227
343.67	1.228
343.93	1.231
344.20	1.246
344.46	1.236
344.73	1.234
345.00	1.221
345.26	1.199
345.53	1.170
345.79	1.172
346.06	1.169
346.33	1.171
346.59	1.162
346.86	1.173
347.12	1.168
347.39	1.165
347.65	1.160
347.92	1.180
348.19	1.174
348.45	1.182
348.72	1.182
348.98	1.172
349.25	1.156
349.51	1.148
349.78	1.123
350.05	1.124
350.31	1.118
350.58	1.124
350.84	1.119
351.11	1.127
351.37	1.120
351.64	1.109
351.90	1.099
352.17	1.107
352.44	1.095
352.70	1.091
352.97	1.092
353.23	1.095
353.50	1.081
353.76	1.075
354.03	1.070
354.30	1.071
354.56	1.065
354.83	1.070
355.09	1.076
355.36	1.077
355.62	1.075
355.89	1.064
356.15	1.062
356.42	1.060
356.68	1.053
356.95	1.042
357.22	1.047
357.48	1.041
357.75	1.027
358.01	1.016
358.28	1.015
358.54	1.003
358.81	0.997
359.07	0.999
359.34	1.000
359.60	0.999
359.87	0.995
360.14	0.982
360.40	0.975
360.67	0.970
360.93	0.968
361.20	0.971
361.46	0.972
361.73	0.966
361.99	0.958
362.26	0.948
362.52	0.943
362.79	0.935
363.05	0.935
363.32	0.931
363.58	0.930
363.85	0.924
364.11	0.913
364.38	0.899
364.65	0.890
364.91	0.888
365.18	0.886
365.44	0.893
365.71	0.886
365.97	0.880
366.24	0.879
366.50	0.873
366.77	0.862
367.03	0.852
367.30	0.849
367.56	0.846
367.83	0.845
368.09	0.846
368.36	0.837
368.62	0.839
368.89	0.839
369.15	0.835
369.42	0.827
369.68	0.833
369.95	0.825
370.21	0.821
370.48	0.814
370.74	0.808
371.01	0.799
371.27	0.795
371.54	0.787
371.80	0.777
372.07	0.771
372.33	0.770
372.60	0.763
372.86	0.765
373.13	0.762
373.39	0.760
373.66	0.752
373.92	0.752
374.19	0.747
374.45	0.746
374.72	0.743
374.98	0.745
375.25	0.743
375.51	0.743
375.78	0.744
376.04	0.742
376.31	0.735
376.57	0.735
376.84	0.727
377.10	0.726
377.37	0.724
377.63	0.723
377.90	0.719
378.16	0.717
378.42	0.715
378.69	0.710
378.95	0.704
379.22	0.704
379.48	0.702
379.75	0.701
380.01	0.698
380.28	0.699
380.54	0.695
380.81	0.694
381.07	0.690
381.34	0.691
381.60	0.688
381.87	0.688
382.13	0.683
382.40	0.682
382.66	0.678
382.92	0.675
383.19	0.669
383.45	0.668
383.72	0.668
383.98	0.663
384.25	0.662
384.51	0.663
384.78	0.662
385.04	0.663
385.31	0.661
385.57	0.660
385.84	0.658
386.10	0.659
386.36	0.658
386.63	0.655
386.89	0.653
387.16	0.655
387.42	0.647
387.69	0.645
387.95	0.640
388.22	0.639
388.48	0.639
388.74	0.634
389.01	0.632
389.27	0.631
389.54	0.629
389.80	0.628
390.07	0.623
390.33	0.628
390.60	0.625
390.86	0.623
391.12	0.622
391.39	0.625
391.65	0.621
391.92	0.619
392.18	0.617
392.45	0.616
392.71	0.612
392.97	0.609
393.24	0.606
393.50	0.606
393.77	0.602
394.03	0.600
394.30	0.598
394.56	0.598
394.82	0.595
395.09	0.594
395.35	0.592
395.62	0.592
395.88	0.590
396.15	0.590
396.41	0.589
396.67	0.588
396.94	0.588
397.20	0.587
397.47	0.587
397.73	0.587
397.99	0.587
398.26	0.587
398.52	0.586
398.79	0.585
399.05	0.585
399.32	0.583
399.58	0.578
399.84	0.577
400.11	0.575
400.37	0.574
400.64	0.574
400.90	0.575
401.16	0.574
401.43	0.572
401.69	0.568
401.96	0.566
402.22	0.565
402.48	0.564
402.75	0.562
403.01	0.560
403.28	0.560
403.54	0.555
403.80	0.552
404.07	0.549
404.33	0.549
404.60	0.549
404.86	0.555
405.12	0.554
405.39	0.555
405.65	0.551
405.92	0.550
406.18	0.547
406.44	0.547
406.71	0.545
406.97	0.544
407.23	0.541
407.50	0.540
407.76	0.534
408.03	0.534
408.29	0.531
408.55	0.533
408.82	0.533
409.08	0.536
409.35	0.534
409.61	0.533
409.87	0.529
410.14	0.526
410.40	0.523
410.66	0.523
410.93	0.520
411.19	0.520
411.46	0.516
411.72	0.513
411.98	0.510
412.25	0.510
412.51	0.512
412.77	0.514
413.04	0.517
413.30	0.517
413.56	0.515
413.83	0.514
414.09	0.512
414.36	0.509
414.62	0.507
414.88	0.505
415.15	0.500
415.41	0.496
415.67	0.495
415.94	0.493
416.20	0.492
416.46	0.492
416.73	0.491
416.99	0.491
417.25	0.494
417.52	0.496
417.78	0.498
418.05	0.497
418.31	0.496
418.57	0.496
418.84	0.493
419.10	0.488
419.36	0.488
419.63	0.489
419.89	0.488
420.15	0.486
420.42	0.486
420.68	0.485
420.94	0.483
421.21	0.482
421.47	0.480
421.73	0.480
422.00	0.482
422.26	0.479
422.52	0.477
422.79	0.477
423.05	0.475
423.31	0.472
423.58	0.474
423.84	0.475
424.10	0.476
424.37	0.476
424.63	0.478
424.89	0.477
425.16	0.472
425.42	0.470
425.68	0.467
425.95	0.466
426.21	0.465
426.47	0.465
426.74	0.466
427.00	0.465
427.26	0.464
427.53	0.461
427.79	0.462
428.05	0.462
428.32	0.462
428.58	0.461
428.84	0.462
429.10	0.460
429.37	0.458
429.63	0.456
429.89	0.453
430.16	0.450
430.42	0.449
430.68	0.449
430.95	0.449
431.21	0.447
431.47	0.447
431.74	0.446
432.00	0.446
432.26	0.444
432.52	0.445
432.79	0.444
433.05	0.446
433.31	0.446
433.58	0.446
433.84	0.446
434.10	0.446
434.37	0.443
434.63	0.442
434.89	0.441
435.15	0.441
435.42	0.440
435.68	0.440
435.94	0.438
436.21	0.438
436.47	0.436
436.73	0.436
436.99	0.437
437.26	0.440
437.52	0.438
437.78	0.437
438.05	0.432
438.31	0.430
438.57	0.427
438.83	0.426
439.10	0.426
439.36	0.426
439.62	0.425
439.89	0.424
440.15	0.422
440.41	0.422
440.67	0.422
440.94	0.422
441.20	0.422
441.46	0.422
441.73	0.421
441.99	0.418
442.25	0.416
442.51	0.414
442.78	0.413
443.04	0.412
443.30	0.412
443.56	0.411
443.83	0.410
444.09	0.410
444.35	0.410
444.61	0.409
444.88	0.410
445.14	0.409
445.40	0.408
445.67	0.406
445.93	0.405
446.19	0.403
446.45	0.403
446.72	0.403
446.98	0.402
447.24	0.401
447.50	0.401
447.77	0.399
448.03	0.398
448.29	0.398
448.55	0.396
448.82	0.396
449.08	0.397
449.34	0.396
449.60	0.395
449.87	0.394
450.13	0.393
450.39	0.392
450.65	0.391
450.92	0.390
451.18	0.391
451.44	0.391
451.70	0.390
451.97	0.389
452.23	0.389
452.49	0.389
452.75	0.387
453.01	0.387
453.28	0.386
453.54	0.386
453.80	0.385
454.06	0.385
454.33	0.384
454.59	0.383
454.85	0.382
455.11	0.382
455.38	0.382
455.64	0.382
455.90	0.381
456.16	0.380
456.42	0.380
456.69	0.379
456.95	0.378
457.21	0.377
457.47	0.376
457.74	0.376
458.00	0.375
458.26	0.374
458.52	0.374
458.78	0.373
459.05	0.373
459.31	0.372
459.57	0.371
459.83	0.371
460.09	0.371
460.36	0.369
460.62	0.368
460.88	0.368
461.14	0.368
461.41	0.367
461.67	0.368
461.93	0.368
462.19	0.368
462.45	0.368
462.72	0.367
462.98	0.367
463.24	0.366
463.50	0.365
463.76	0.364
464.03	0.363
464.29	0.363
464.55	0.360
464.81	0.360
465.07	0.360
465.34	0.359
465.60	0.358
465.86	0.359
466.12	0.359
466.38	0.359
466.65	0.358
466.91	0.358
467.17	0.357
467.43	0.357
467.69	0.355
467.95	0.355
468.22	0.355
468.48	0.354
468.74	0.353
469.00	0.352
469.26	0.351
469.53	0.352
469.79	0.351
470.05	0.351
470.31	0.350
470.57	0.350
470.83	0.349
471.10	0.349
471.36	0.349
471.62	0.348
471.88	0.347
472.14	0.347
472.41	0.347
472.67	0.346
472.93	0.346
473.19	0.345
473.45	0.344
473.71	0.344
473.98	0.343
474.24	0.342
474.50	0.341
474.76	0.341
475.02	0.340
475.28	0.339
475.55	0.339
475.81	0.339
476.07	0.338
476.33	0.338
476.59	0.338
476.85	0.337
477.11	0.338
477.38	0.337
477.64	0.337
477.90	0.336
478.16	0.335
478.42	0.334
478.68	0.334
478.95	0.334
479.21	0.333
479.47	0.333
479.73	0.333
479.99	0.332
480.25	0.331
480.51	0.330
480.78	0.330
481.04	0.330
481.30	0.330
481.56	0.329
481.82	0.329
482.08	0.329
482.34	0.329
482.61	0.328
482.87	0.328
483.13	0.327
483.39	0.327
483.65	0.327
483.91	0.326
484.17	0.325
484.43	0.325
484.70	0.324
484.96	0.324
485.22	0.324
485.48	0.323
485.74	0.323
486.00	0.323
486.26	0.323
486.52	0.323
486.79	0.322
487.05	0.321
487.31	0.320
487.57	0.320
487.83	0.319
488.09	0.319
488.35	0.318
488.61	0.318
488.88	0.317
489.14	0.317
489.40	0.316
489.66	0.316
489.92	0.316
490.18	0.316
490.44	0.315
490.70	0.314
490.96	0.314
491.23	0.313
491.49	0.313
491.75	0.312
492.01	0.311
492.27	0.311
492.53	0.310
492.79	0.310
493.05	0.309
493.31	0.309
493.58	0.308
493.84	0.308
494.10	0.307
494.36	0.307
494.62	0.307
494.88	0.307
495.14	0.306
495.40	0.306
495.66	0.305
495.92	0.305
496.19	0.304
496.45	0.305
496.71	0.305
496.97	0.304
497.23	0.303
497.49	0.303
497.75	0.302
498.01	0.302
498.27	0.301
498.53	0.301
498.79	0.301
499.05	0.300
499.32	0.300
499.58	0.300
499.84	0.300
500.10	0.300
500.36	0.300
500.62	0.299
500.88	0.298
501.14	0.298
501.40	0.297
501.66	0.297
501.92	0.297
502.18	0.296
502.44	0.296
502.71	0.295
502.97	0.294
503.23	0.294
503.49	0.293
503.75	0.293
504.01	0.292
504.27	0.292
504.53	0.291
504.79	0.291
505.05	0.290
505.31	0.289
505.57	0.289
505.83	0.288
506.09	0.288
506.35	0.287
506.62	0.287
506.88	0.286
507.14	0.286
507.40	0.286
507.66	0.286
507.92	0.285
508.18	0.285
508.44	0.284
508.70	0.284
508.96	0.283
509.22	0.283
509.48	0.283
509.74	0.284
510.00	0.284
510.26	0.283
510.52	0.282
510.78	0.282
511.04	0.281
511.30	0.280
511.56	0.280
511.82	0.280
512.09	0.279
512.35	0.278
512.61	0.278
512.87	0.277
513.13	0.276
513.39	0.276
513.65	0.276
513.91	0.276
514.17	0.276
514.43	0.276
514.69	0.275
514.95	0.274
515.21	0.274
515.47	0.273
515.73	0.272
515.99	0.272
516.25	0.272
516.51	0.272
516.77	0.271
517.03	0.270
517.29	0.270
517.55	0.270
517.81	0.270
518.07	0.269
518.33	0.269
518.59	0.269
518.85	0.268
519.11	0.268
519.37	0.268
519.63	0.268
519.89	0.268
520.15	0.267
520.41	0.267
520.67	0.267
520.93	0.267
521.19	0.266
521.45	0.265
521.71	0.265
521.97	0.265
522.23	0.265
522.49	0.264
522.75	0.264
523.01	0.264
523.27	0.263
523.53	0.263
523.79	0.262
524.05	0.262
524.31	0.262
524.57	0.261
524.83	0.261
525.09	0.260
525.35	0.260
525.61	0.260
525.87	0.259
526.13	0.259
526.39	0.259
526.65	0.259
526.91	0.258
527.17	0.258
527.43	0.258
527.69	0.258
527.95	0.257
528.21	0.257
528.47	0.256
528.73	0.256
528.99	0.256
529.25	0.255
529.51	0.255
529.77	0.254
530.03	0.254
530.29	0.253
530.55	0.253
530.81	0.253
531.07	0.252
531.33	0.252
531.59	0.252
531.85	0.251
532.11	0.251
532.37	0.250
532.63	0.250
532.89	0.249
533.15	0.249
533.41	0.248
533.67	0.248
533.93	0.248
534.19	0.247
534.45	0.247
534.71	0.247
534.97	0.246
535.23	0.246
535.48	0.246
535.74	0.245
536.00	0.245
536.26	0.245
536.52	0.244
536.78	0.244
537.04	0.244
537.30	0.244
537.56	0.244
537.82	0.244
538.08	0.243
538.34	0.243
538.60	0.243
538.86	0.243
539.12	0.243
539.38	0.243
539.64	0.243
539.90	0.242
540.16	0.242
540.42	0.242
540.68	0.242
540.93	0.241
541.19	0.240
541.45	0.240
541.71	0.239
541.97	0.239
542.23	0.239
542.49	0.238
542.75	0.238
543.01	0.238
543.27	0.238
543.53	0.238
543.79	0.238
544.05	0.237
544.31	0.238
544.57	0.237
544.83	0.237
545.08	0.237
545.34	0.237
545.60	0.236
545.86	0.235
546.12	0.235
546.38	0.234
546.64	0.234
546.90	0.234
547.16	0.233
547.42	0.232
547.68	0.232
547.94	0.231
548.19	0.231
548.45	0.231
548.71	0.231
548.97	0.231
549.23	0.230
549.49	0.230
549.75	0.229
550.01	0.229
550.27	0.229
550.53	0.228
550.79	0.228
551.05	0.228
551.30	0.227
551.56	0.227
551.82	0.226
552.08	0.226
552.34	0.225
552.60	0.225
552.86	0.225
553.12	0.224
553.38	0.223
553.64	0.223
553.89	0.223
554.15	0.222
554.41	0.223
554.67	0.223
554.93	0.223
555.19	0.223
555.45	0.222
555.71	0.222
555.97	0.222
556.23	0.221
556.48	0.221
556.74	0.220
557.00	0.220
557.26	0.218
557.52	0.218
557.78	0.218
558.04	0.217
558.30	0.217
558.55	0.218
558.81	0.218
559.07	0.218
559.33	0.218
559.59	0.218
559.85	0.218
560.11	0.218
560.37	0.217
560.63	0.217
560.88	0.217
561.14	0.217
561.40	0.216
561.66	0.216
561.92	0.216
562.18	0.215
562.44	0.215
562.69	0.215
562.95	0.215
563.21	0.214
563.47	0.214
563.73	0.214
563.99	0.214
564.25	0.213
564.51	0.213
564.76	0.212
565.02	0.212
565.28	0.212
565.54	0.212
565.80	0.211
566.06	0.211
566.32	0.211
566.57	0.211
566.83	0.210
567.09	0.210
567.35	0.210
567.61	0.210
567.87	0.210
568.13	0.209
568.38	0.209
568.64	0.209
568.90	0.208
569.16	0.208
569.42	0.208
569.68	0.207
569.93	0.207
570.19	0.207
570.45	0.207
570.71	0.206
570.97	0.206
571.23	0.206
571.48	0.205
571.74	0.205
572.00	0.205
572.26	0.205
572.52	0.204
572.78	0.204
573.03	0.203
573.29	0.203
573.55	0.203
573.81	0.203
574.07	0.202
574.33	0.202
574.58	0.202
574.84	0.202
575.10	0.201
575.36	0.201
575.62	0.200
575.88	0.200
576.13	0.200
576.39	0.200
576.65	0.199
576.91	0.199
577.17	0.199
577.43	0.199
577.68	0.199
577.94	0.198
578.20	0.198
578.46	0.198
578.72	0.197
578.97	0.197
579.23	0.197
579.49	0.196
579.75	0.196
580.01	0.196
580.26	0.196
580.52	0.196
580.78	0.195
581.04	0.195
581.30	0.195
581.55	0.195
581.81	0.194
582.07	0.194
582.33	0.194
582.59	0.194
582.84	0.193
583.10	0.193
583.36	0.193
583.62	0.192
583.88	0.192
584.13	0.192
584.39	0.191
584.65	0.191
584.91	0.190
585.17	0.190
585.42	0.190
585.68	0.190
585.94	0.190
586.20	0.189
586.46	0.189
586.71	0.188
586.97	0.188
587.23	0.188
587.49	0.187
587.74	0.187
588.00	0.187
588.26	0.186
588.52	0.186
588.78	0.186
589.03	0.185
589.29	0.185
589.55	0.185
589.81	0.185
590.06	0.184
590.32	0.184
590.58	0.184
590.84	0.184
591.10	0.183
591.35	0.183
591.61	0.183
591.87	0.182
592.13	0.182
592.38	0.182
592.64	0.182
592.90	0.181
593.16	0.181
593.41	0.181
593.67	0.181
593.93	0.180
594.19	0.180
594.45	0.180
594.70	0.179
594.96	0.179
595.22	0.179
595.48	0.179
595.73	0.179
595.99	0.178
596.25	0.178
596.51	0.178
596.76	0.178
597.02	0.177
597.28	0.177
597.54	0.177
597.79	0.177
598.05	0.177
598.31	0.177
598.57	0.176
598.82	0.176
599.08	0.176
599.34	0.176
599.60	0.175
599.85	0.175
600.11	0.175
600.37	0.175
600.62	0.175
600.88	0.174
601.14	0.173
601.40	0.173
601.65	0.173
601.91	0.173
602.17	0.172
602.43	0.172
602.68	0.172
602.94	0.172
603.20	0.171
603.46	0.171
603.71	0.171
603.97	0.170
604.23	0.170
604.48	0.170
604.74	0.170
605.00	0.170
605.26	0.169
605.51	0.169
605.77	0.169
606.03	0.169
606.28	0.168
606.54	0.168
606.80	0.168
607.06	0.168
607.31	0.168
607.57	0.167
607.83	0.167
608.08	0.167
608.34	0.166
608.60	0.166
608.86	0.166
609.11	0.166
609.37	0.166
609.63	0.165
609.88	0.165
610.14	0.165
610.40	0.165
610.66	0.164
610.91	0.164
611.17	0.164
611.43	0.163
611.68	0.163
611.94	0.163
612.20	0.163
612.45	0.163
612.71	0.162
612.97	0.162
613.23	0.162
613.48	0.162
613.74	0.162
614.00	0.162
614.25	0.162
614.51	0.161
614.77	0.161
615.02	0.161
615.28	0.161
615.54	0.160
615.79	0.160
616.05	0.160
616.31	0.160
616.56	0.160
616.82	0.159
617.08	0.159
617.34	0.159
617.59	0.159
617.85	0.159
618.11	0.159
618.36	0.158
618.62	0.158
618.88	0.158
619.13	0.158
619.39	0.157
619.65	0.157
619.90	0.157
620.16	0.156
620.42	0.156
620.67	0.156
620.93	0.156
621.19	0.156
621.44	0.156
621.70	0.156
621.96	0.155
622.21	0.155
622.47	0.155
622.73	0.155
622.98	0.155
623.24	0.155
623.50	0.155
623.75	0.155
624.01	0.155
624.27	0.155
624.52	0.154
624.78	0.154
625.03	0.154
625.29	0.154
625.55	0.153
625.80	0.153
626.06	0.152
626.32	0.152
626.57	0.152
626.83	0.152
627.09	0.151
627.34	0.151
627.60	0.151
627.86	0.151
628.11	0.150
628.37	0.150
628.63	0.150
628.88	0.150
629.14	0.150
629.39	0.149
629.65	0.149
629.91	0.149
630.16	0.149
630.42	0.149
630.68	0.148
630.93	0.148
631.19	0.148
631.45	0.148
631.70	0.147
631.96	0.147
632.21	0.147
632.47	0.147
632.73	0.147
632.98	0.147
633.24	0.146
633.50	0.146
633.75	0.146
634.01	0.146
634.26	0.146
634.52	0.146
634.78	0.145
635.03	0.145
635.29	0.145
635.54	0.144
635.80	0.144
636.06	0.144
636.31	0.144
636.57	0.143
636.83	0.144
637.08	0.143
637.34	0.143
637.59	0.143
637.85	0.143
638.11	0.143
638.36	0.143
638.62	0.143
638.87	0.143
639.13	0.143
639.39	0.143
639.64	0.143
639.90	0.143
640.15	0.143
640.41	0.142
640.67	0.142
640.92	0.142
641.18	0.142
641.43	0.142
641.69	0.142
641.95	0.141
642.20	0.141
642.46	0.141
642.71	0.141
642.97	0.141
643.23	0.140
643.48	0.140
643.74	0.140
643.99	0.139
644.25	0.139
644.50	0.139
644.76	0.139
645.02	0.138
645.27	0.138
645.53	0.138
645.78	0.137
646.04	0.137
646.30	0.137
646.55	0.137
646.81	0.137
647.06	0.136
647.32	0.136
647.57	0.136
647.83	0.136
648.09	0.135
648.34	0.135
648.60	0.135
648.85	0.135
649.11	0.134
649.36	0.134
649.62	0.134
649.88	0.133
650.13	0.133
650.39	0.133
650.64	0.132
650.90	0.132
651.15	0.132
651.41	0.132
651.66	0.131
651.92	0.131
652.18	0.131
652.43	0.131
652.69	0.131
652.94	0.131
653.20	0.131
653.45	0.130
653.71	0.130
653.96	0.129
654.22	0.129
654.48	0.129
654.73	0.129
654.99	0.129
655.24	0.128
655.50	0.128
655.75	0.128
656.01	0.128
656.26	0.128
656.52	0.127
656.77	0.127
657.03	0.127
657.29	0.127
657.54	0.127
657.80	0.126
658.05	0.126
658.31	0.126
658.56	0.126
658.82	0.125
659.07	0.125
659.33	0.125
659.58	0.125
659.84	0.125
660.09	0.125
660.35	0.124
660.61	0.124
660.86	0.124
661.12	0.124
661.37	0.123
661.63	0.123
661.88	0.123
662.14	0.123
662.39	0.122
662.65	0.122
662.90	0.122
663.16	0.122
663.41	0.122
663.67	0.121
663.92	0.121
664.18	0.121
664.43	0.121
664.69	0.121
664.94	0.121
665.20	0.120
665.45	0.120
665.71	0.120
665.96	0.119
666.22	0.119
666.47	0.118
666.73	0.118
666.98	0.118
667.24	0.118
667.49	0.118
667.75	0.118
668.00	0.117
668.26	0.117
668.51	0.117
668.77	0.117
669.02	0.117
669.28	0.117
669.53	0.117
669.79	0.117
670.04	0.116
670.30	0.116
670.55	0.116
670.81	0.116
671.06	0.116
671.32	0.116
671.57	0.116
671.83	0.116
672.08	0.115
672.34	0.115
672.59	0.115
672.85	0.115
673.10	0.115
673.36	0.115
673.61	0.114
673.87	0.114
674.12	0.113
674.38	0.113
674.63	0.113
674.89	0.113
675.14	0.112
675.40	0.113
675.65	0.112
675.91	0.112
676.16	0.112
676.41	0.112
676.67	0.111
676.92	0.111
677.18	0.111
677.43	0.111
677.69	0.110
677.94	0.110
678.20	0.110
678.45	0.110
678.71	0.109
678.96	0.109
679.22	0.109
679.47	0.109
679.73	0.108
679.98	0.108
680.23	0.108
680.49	0.108
680.74	0.107
681.00	0.107
681.25	0.107
681.51	0.107
681.76	0.107
682.02	0.107
682.27	0.107
682.53	0.106
682.78	0.106
683.03	0.106
683.29	0.106
683.54	0.106
683.80	0.105
684.05	0.105
684.31	0.105
684.56	0.105
684.82	0.105
685.07	0.105
685.32	0.104
685.58	0.104
685.83	0.104
686.09	0.104
686.34	0.103
686.60	0.103
686.85	0.103
687.10	0.103
687.36	0.103
687.61	0.102
687.87	0.102
688.12	0.102
688.38	0.102
688.63	0.102
688.88	0.101
689.14	0.101
689.39	0.101
689.65	0.101
689.90	0.101
690.16	0.101
690.41	0.100
690.66	0.100
690.92	0.100
691.17	0.100
691.43	0.100
691.68	0.100
691.94	0.099
692.19	0.099
692.44	0.099
692.70	0.099
692.95	0.099
693.21	0.098
693.46	0.098
693.71	0.098
693.97	0.098
694.22	0.098
694.48	0.098
694.73	0.098
694.98	0.098
695.24	0.098
695.49	0.097
695.75	0.097
696.00	0.097
696.25	0.097
696.51	0.097
696.76	0.096
697.02	0.096
697.27	0.096
697.52	0.096
697.78	0.095
698.03	0.095
698.29	0.095
698.54	0.095
698.79	0.095
699.05	0.094
699.30	0.094
699.56	0.094
699.81	0.094
700.06	0.094
700.32	0.094
700.57	0.093
700.83	0.093
701.08	0.093
701.33	0.093
701.59	0.093
701.84	0.092
702.09	0.092
702.35	0.092
702.60	0.092
702.86	0.092
703.11	0.092
703.36	0.091
703.62	0.091
703.87	0.091
704.12	0.091
704.38	0.091
704.63	0.091
704.89	0.090
705.14	0.090
705.39	0.090
705.65	0.089
705.90	0.089
706.15	0.089
706.41	0.089
706.66	0.089
706.92	0.089
707.17	0.089
707.42	0.089
707.68	0.089
707.93	0.089
708.18	0.088
708.44	0.088
708.69	0.088
708.94	0.088
709.20	0.088
709.45	0.088
709.70	0.088
709.96	0.087
710.21	0.087
710.47	0.087
710.72	0.087
710.97	0.087
711.23	0.087
711.48	0.087
711.73	0.087
711.99	0.087
712.24	0.087
712.49	0.087
712.75	0.086
713.00	0.086
713.25	0.086
713.51	0.086
713.76	0.086
714.01	0.086
714.27	0.085
714.52	0.085
714.77	0.085
715.03	0.085
715.28	0.085
715.53	0.085
715.79	0.084
716.04	0.084
716.29	0.084
716.55	0.084
716.80	0.084
717.05	0.084
717.31	0.084
717.56	0.084
717.81	0.084
718.07	0.084
718.32	0.084
718.57	0.084
718.83	0.084
719.08	0.084
719.33	0.083
719.59	0.083
719.84	0.083
720.09	0.083
720.34	0.083
720.60	0.083
720.85	0.083
721.10	0.083
721.36	0.083
721.61	0.083
721.86	0.082
722.12	0.082
722.37	0.082
722.62	0.082
722.88	0.082
723.13	0.082
723.38	0.081
723.63	0.081
723.89	0.081
724.14	0.081
724.39	0.081
724.65	0.081
724.90	0.080
725.15	0.080
725.41	0.080
725.66	0.080
725.91	0.080
726.16	0.080
726.42	0.080
726.67	0.079
726.92	0.079
727.18	0.079
727.43	0.079
727.68	0.079
727.93	0.079
728.19	0.079
728.44	0.079
728.69	0.079
728.95	0.079
729.20	0.079
729.45	0.079
729.70	0.078
729.96	0.078
730.21	0.078
730.46	0.078
730.72	0.078
730.97	0.078
731.22	0.078
731.47	0.078
731.73	0.078
731.98	0.078
732.23	0.078
732.48	0.077
732.74	0.077
732.99	0.077
733.24	0.077
733.50	0.077
733.75	0.076
734.00	0.076
734.25	0.076
734.51	0.076
734.76	0.076
735.01	0.076
735.26	0.076
735.52	0.075
735.77	0.075
736.02	0.075
736.27	0.075
736.53	0.075
736.78	0.075
737.03	0.074
737.28	0.074
737.54	0.074
737.79	0.074
738.04	0.074
738.29	0.074
738.55	0.073
738.80	0.073
739.05	0.073
739.30	0.073
739.56	0.073
739.81	0.073
740.06	0.073
740.31	0.073
740.57	0.073
740.82	0.073
741.07	0.072
741.32	0.072
741.58	0.072
741.83	0.072
742.08	0.072
742.33	0.072
742.59	0.072
742.84	0.071
743.09	0.071
743.34	0.071
743.59	0.071
743.85	0.071
744.10	0.071
744.35	0.071
744.60	0.071
744.86	0.071
745.11	0.070
745.36	0.070
745.61	0.070
745.87	0.070
746.12	0.070
746.37	0.070
746.62	0.070
746.87	0.070
747.13	0.069
747.38	0.069
747.63	0.069
747.88	0.069
748.13	0.069
748.39	0.069
748.64	0.069
748.89	0.069
749.14	0.069
749.40	0.068
749.65	0.068
749.90	0.068
750.15	0.068
750.40	0.068
750.66	0.068
750.91	0.068
751.16	0.068
751.41	0.068
751.66	0.068
751.92	0.067
752.17	0.067
752.42	0.067
752.67	0.067
752.92	0.067
753.18	0.067
753.43	0.067
753.68	0.067
753.93	0.067
754.18	0.066
754.44	0.066
754.69	0.066
754.94	0.066
755.19	0.066
755.44	0.066
755.69	0.066
755.95	0.066
756.20	0.066
756.45	0.066
756.70	0.066
756.95	0.066
757.21	0.065
757.46	0.065
757.71	0.065
757.96	0.065
758.21	0.065
758.46	0.065
758.72	0.065
758.97	0.065
759.22	0.065
759.47	0.065
759.72	0.065
759.97	0.065
760.23	0.065
760.48	0.065
760.73	0.065
760.98	0.065
761.23	0.065
761.48	0.064
761.74	0.064
761.99	0.064
762.24	0.064
762.49	0.064
762.74	0.064
762.99	0.064
763.25	0.064
763.50	0.063
763.75	0.063
764.00	0.063
764.25	0.063
764.50	0.063
764.76	0.063
765.01	0.063
765.26	0.063
765.51	0.062
765.76	0.062
766.01	0.062
766.26	0.062
766.52	0.061
766.77	0.061
767.02	0.061
767.27	0.061
767.52	0.061
767.77	0.061
768.02	0.061
768.28	0.061
768.53	0.061
768.78	0.061
769.03	0.061
769.28	0.061
769.53	0.061
769.78	0.060
770.04	0.060
770.29	0.060
770.54	0.060
770.79	0.060
771.04	0.060
771.29	0.059
771.54	0.059
771.79	0.059
772.05	0.059
772.30	0.059
772.55	0.059
772.80	0.059
773.05	0.059
773.30	0.058
773.55	0.058
773.80	0.058
774.06	0.058
774.31	0.058
774.56	0.058
774.81	0.058
775.06	0.057
775.31	0.057
775.56	0.057
775.81	0.057
776.06	0.057
776.32	0.056
776.57	0.056
776.82	0.056
777.07	0.056
777.32	0.056
777.57	0.055
777.82	0.055
778.07	0.055
778.32	0.055
778.58	0.055
778.83	0.055
779.08	0.055
779.33	0.055
779.58	0.055
779.83	0.055
780.08	0.055
780.33	0.055
780.58	0.055
780.83	0.054
781.08	0.054
781.34	0.054
781.59	0.054
781.84	0.055
782.09	0.055
782.34	0.054
782.59	0.055
782.84	0.054
783.09	0.054
783.34	0.054
783.59	0.054
783.84	0.054
784.10	0.054
784.35	0.054
784.60	0.053
784.85	0.053
785.10	0.053
785.35	0.053
785.60	0.053
785.85	0.053
786.10	0.053
786.35	0.053
786.60	0.053
786.85	0.053
787.10	0.053
787.36	0.053
787.61	0.053
787.86	0.053
788.11	0.053
788.36	0.053
788.61	0.053
788.86	0.053
789.11	0.053
789.36	0.053
789.61	0.053
789.86	0.053
790.11	0.053
790.36	0.053
790.61	0.053
790.86	0.053
791.11	0.052
791.36	0.052
791.62	0.052
791.87	0.052
792.12	0.052
792.37	0.052
792.62	0.051
792.87	0.051
793.12	0.051
793.37	0.051
793.62	0.051
793.87	0.051
794.12	0.051
794.37	0.051
794.62	0.051
794.87	0.051
795.12	0.051
795.37	0.051
795.62	0.051
795.87	0.051
796.12	0.051
796.37	0.050
796.62	0.051
796.87	0.051
797.13	0.051
797.38	0.051
797.63	0.050
797.88	0.050
798.13	0.050
798.38	0.050
798.63	0.050
798.88	0.050
799.13	0.049
799.38	0.049
799.63	0.049
799.88	0.049
800.13	0.049
800.38	0.049
800.63	0.049
800.88	0.049
801.13	0.049
801.38	0.048
801.63	0.048
801.88	0.048
802.13	0.048
802.38	0.048
802.63	0.048
802.88	0.048
803.13	0.048
803.38	0.048
803.63	0.047
803.88	0.047
804.13	0.047
804.38	0.047
804.63	0.047
804.88	0.047
805.13	0.047
805.38	0.047
805.63	0.047
805.88	0.047
806.13	0.046
806.38	0.047
806.63	0.047
806.88	0.047
807.13	0.047
807.38	0.047
807.63	0.047
807.88	0.047
808.13	0.047
808.38	0.046
808.63	0.046
808.88	0.046
809.13	0.046
809.38	0.046
809.63	0.046
809.88	0.046
810.13	0.046
810.38	0.046
810.63	0.046
810.88	0.046
811.13	0.046
811.38	0.046
811.63	0.046
811.88	0.045
812.13	0.045
812.38	0.045
812.63	0.045
812.88	0.045
813.13	0.045
813.38	0.045
813.63	0.045
813.88	0.045
814.13	0.045
814.38	0.045
814.63	0.045
814.87	0.045
815.12	0.045
815.37	0.045
815.62	0.045
815.87	0.045
816.12	0.045
816.37	0.044
816.62	0.044
816.87	0.044
817.12	0.045
817.37	0.044
817.62	0.044
817.87	0.044
818.12	0.044
818.37	0.044
818.62	0.044
818.87	0.044
819.12	0.045
819.37	0.045
819.62	0.044
819.87	0.044
820.12	0.044
820.37	0.044
820.61	0.044
820.86	0.044
821.11	0.043
821.36	0.044
821.61	0.044
821.86	0.044
822.11	0.044
822.36	0.044
822.61	0.044
822.86	0.044
823.11	0.044
823.36	0.044
823.61	0.044
823.86	0.044
824.11	0.043
824.36	0.043
824.60	0.043
824.85	0.043
825.10	0.043
825.35	0.043
825.60	0.043
825.85	0.043
826.10	0.043
826.35	0.043
826.60	0.043
826.85	0.043
827.10	0.042
827.35	0.042
827.60	0.042
827.85	0.042
828.09	0.042
828.34	0.041
828.59	0.041
828.84	0.041
829.09	0.041
829.34	0.041
829.59	0.041
829.84	0.041
830.09	0.041
830.34	0.041
830.59	0.041
830.83	0.041
831.08	0.041
831.33	0.041
831.58	0.041
831.83	0.041
832.08	0.041
832.33	0.040
832.58	0.041
832.83	0.041
833.08	0.040
833.32	0.040
833.57	0.040
833.82	0.040
834.07	0.040
834.32	0.040
834.57	0.040
834.82	0.040
835.07	0.040
835.32	0.040
835.57	0.040
835.81	0.040
836.06	0.040
836.31	0.039
836.56	0.039
836.81	0.040
837.06	0.040
837.31	0.040
837.56	0.040
837.80	0.039
838.05	0.039
838.30	0.039
838.55	0.039
838.80	0.039
839.05	0.039
839.30	0.039
839.55	0.039
839.80	0.039
840.04	0.039
840.29	0.039
840.54	0.038
840.79	0.038
841.04	0.038
841.29	0.038
841.54	0.038
841.78	0.038
842.03	0.037
842.28	0.038
842.53	0.037
842.78	0.037
843.03	0.037
843.28	0.038
843.53	0.037
843.77	0.037
844.02	0.037
844.27	0.038
844.52	0.038
844.77	0.038
845.02	0.038
845.27	0.038
845.51	0.038
845.76	0.038
846.01	0.038
846.26	0.038
846.51	0.038
846.76	0.038
847.00	0.038
847.25	0.038
847.50	0.038
847.75	0.037
848.00	0.038
848.25	0.037
848.50	0.037
848.74	0.037
848.99	0.037
849.24	0.037
849.49	0.036
849.74	0.036
849.99	0.036
850.23	0.036
850.48	0.036
850.73	0.036
850.98	0.035
851.23	0.035
851.48	0.035
851.72	0.035
851.97	0.035
852.22	0.035
852.47	0.035
852.72	0.035
852.96	0.035
853.21	0.036
853.46	0.036
853.71	0.036
853.96	0.036
854.21	0.036
854.45	0.036
854.70	0.036
854.95	0.036
855.20	0.036
855.45	0.036
855.69	0.036
855.94	0.036
856.19	0.036
856.44	0.036
856.69	0.035
856.94	0.035
857.18	0.035
857.43	0.034
857.68	0.034
857.93	0.034
858.18	0.034
858.42	0.034
858.67	0.034
858.92	0.034
859.17	0.033
859.42	0.033
859.66	0.033
859.91	0.033
860.16	0.033
860.41	0.033
860.66	0.032
860.90	0.032
861.15	0.032
861.40	0.032
861.65	0.031
861.90	0.031
862.14	0.031
862.39	0.031
862.64	0.031
862.89	0.031
863.13	0.031
863.38	0.031
863.63	0.031
863.88	0.031
864.13	0.031
864.37	0.031
864.62	0.030
864.87	0.030
865.12	0.030
865.36	0.030
865.61	0.030
865.86	0.030
866.11	0.030
866.36	0.030
866.60	0.030
866.85	0.030
867.10	0.030
867.35	0.030
867.59	0.030
867.84	0.030
868.09	0.030
868.34	0.030
868.59	0.030
868.83	0.030
869.08	0.030
869.33	0.030
869.58	0.030
869.82	0.030
870.07	0.030
870.32	0.030
870.57	0.030
870.81	0.030
871.06	0.030
871.31	0.029
871.56	0.029
871.80	0.030
872.05	0.029
872.30	0.029
872.55	0.029
872.79	0.029
873.04	0.029
873.29	0.029
873.54	0.029
873.78	0.029
874.03	0.029
874.28	0.029
874.53	0.029
874.77	0.029
875.02	0.029
875.27	0.029
875.52	0.029
875.76	0.029
876.01	0.029
876.26	0.029
876.50	0.029
876.75	0.029
877.00	0.029
877.25	0.029
877.49	0.029
877.74	0.029
877.99	0.029
878.24	0.028
878.48	0.028
878.73	0.028
878.98	0.028
879.22	0.028
879.47	0.028
879.72	0.027
879.97	0.027
880.21	0.027
880.46	0.028
880.71	0.028
880.96	0.028
881.20	0.027
881.45	0.027
881.70	0.027
881.94	0.027
882.19	0.027
882.44	0.027
882.69	0.027
882.93	0.027
883.18	0.027
883.43	0.028
883.67	0.028
883.92	0.028
884.17	0.028
884.41	0.028
884.66	0.028
884.91	0.028
885.16	0.028
885.40	0.027
885.65	0.027
885.90	0.027
886.14	0.027
886.39	0.028
886.64	0.028
886.88	0.027
887.13	0.028
887.38	0.028
887.63	0.028
887.87	0.027
888.12	0.027
888.37	0.027
888.61	0.027
888.86	0.027
889.11	0.027
889.35	0.027
889.60	0.027
889.85	0.028
890.09	0.028
890.34	0.028
890.59	0.028
890.83	0.028
891.08	0.027
891.33	0.027
891.57	0.027
891.82	0.027
892.07	0.027
892.32	0.027
892.56	0.027
892.81	0.027
893.06	0.027
893.30	0.027
893.55	0.027
893.80	0.027
894.04	0.027
894.29	0.027
894.54	0.027
894.78	0.027
895.03	0.026
895.28	0.026
895.52	0.026
895.77	0.026
896.02	0.026
896.26	0.026
896.51	0.026
896.75	0.026
897.00	0.026
897.25	0.026
897.49	0.026
897.74	0.026
897.99	0.026
898.23	0.026
898.48	0.025
898.73	0.025
898.97	0.025
899.22	0.025
899.47	0.025
899.71	0.025
899.96	0.025
900.21	0.025
900.45	0.025
900.70	0.025
900.95	0.025
901.19	0.024
901.44	0.024
901.68	0.024
901.93	0.024
902.18	0.024
902.42	0.024
902.67	0.024
902.92	0.024
903.16	0.024
903.41	0.024
903.65	0.024
903.90	0.024
904.15	0.024
904.39	0.023
904.64	0.023
904.89	0.024
905.13	0.024
905.38	0.024
905.63	0.023
905.87	0.023
906.12	0.023
906.36	0.023
906.61	0.023
906.86	0.023
907.10	0.023
907.35	0.023
907.59	0.023
907.84	0.023
908.09	0.023
908.33	0.023
908.58	0.022
908.83	0.022
909.07	0.022
909.32	0.022
909.56	0.022
909.81	0.022
910.06	0.022
910.30	0.022
910.55	0.022
910.79	0.022
911.04	0.022
911.29	0.022
911.53	0.022
911.78	0.022
912.02	0.022
912.27	0.022
912.52	0.022
912.76	0.022
913.01	0.022
913.25	0.022
913.50	0.021
913.75	0.021
913.99	0.021
914.24	0.021
914.48	0.021
914.73	0.021
914.97	0.021
915.22	0.021
915.47	0.021
915.71	0.021
915.96	0.021
916.20	0.021
916.45	0.020
916.70	0.020
916.94	0.020
917.19	0.020
917.43	0.020
917.68	0.020
917.92	0.020
918.17	0.020
918.42	0.020
918.66	0.020
918.91	0.020
919.15	0.020
919.40	0.020
919.64	0.020
919.89	0.020
920.14	0.019
920.38	0.019
920.63	0.019
920.87	0.019
921.12	0.020
921.36	0.020
921.61	0.020
921.85	0.020
922.10	0.019
922.35	0.019
922.59	0.019
922.84	0.020
923.08	0.020
923.33	0.020
923.57	0.020
923.82	0.020
924.06	0.020
924.31	0.020
924.56	0.020
924.80	0.020
925.05	0.020
925.29	0.020
925.54	0.020
925.78	0.020
926.03	0.020
926.27	0.019
926.52	0.019
926.76	0.019
927.01	0.020
927.26	0.020
927.50	0.020
927.75	0.020
927.99	0.020
928.24	0.019
928.48	0.020
928.73	0.019
928.97	0.019
929.22	0.019
929.46	0.019
929.71	0.019
929.95	0.019
930.20	0.019
930.44	0.019
930.69	0.019
930.94	0.019
931.18	0.019
931.43	0.019
931.67	0.019
931.92	0.019
932.16	0.018
932.41	0.018
932.65	0.018
932.90	0.018
933.14	0.017
933.39	0.017
933.63	0.017
933.88	0.017
934.12	0.017
934.37	0.017
934.61	0.017
934.86	0.017
935.10	0.017
935.35	0.017
935.59	0.017
935.84	0.016
936.08	0.016
936.33	0.017
936.57	0.017
936.82	0.017
937.06	0.017
937.31	0.017
937.55	0.017
937.80	0.018
938.04	0.018
938.29	0.018
938.53	0.018
938.78	0.018
939.02	0.019
939.27	0.019
939.51	0.019
939.76	0.019
940.00	0.019
940.25	0.018
940.49	0.018
940.74	0.018
940.98	0.018
941.23	0.017
941.47	0.017
941.72	0.017
941.96	0.016
942.21	0.016
942.45	0.017
942.70	0.017
942.94	0.017
943.19	0.016
943.43	0.016
943.67	0.016
943.92	0.016
944.16	0.016
944.41	0.016
944.65	0.015
944.90	0.015
945.14	0.016
945.39	0.016
945.63	0.016
945.88	0.016
946.12	0.016
946.37	0.016
946.61	0.016
946.86	0.015
947.10	0.015
947.34	0.015
947.59	0.015
947.83	0.015
948.08	0.014
948.32	0.014
948.57	0.014
948.81	0.014
949.06	0.014
949.30	0.014
949.55	0.014
949.79	0.014
950.04	0.014
950.28	0.014
950.52	0.013
950.77	0.013
951.01	0.013
951.26	0.013
951.50	0.013
951.75	0.013
951.99	0.013
952.24	0.014
952.48	0.013
952.72	0.013
952.97	0.013
953.21	0.013
953.46	0.013
953.70	0.013
953.95	0.013
954.19	0.013
954.43	0.013
954.68	0.013
954.92	0.013
955.17	0.013
955.41	0.013
955.66	0.013
955.90	0.013
956.14	0.013
956.39	0.013
956.63	0.013
956.88	0.013
957.12	0.013
957.37	0.013
957.61	0.013
957.85	0.013
958.10	0.012
958.34	0.012
958.59	0.012
958.83	0.012
959.07	0.012
959.32	0.012
959.56	0.012
959.81	0.012
960.05	0.012
960.30	0.013
960.54	0.013
960.78	0.012
961.03	0.012
961.27	0.012
961.52	0.012
961.76	0.012
962.00	0.012
962.25	0.012
962.49	0.012
962.74	0.011
962.98	0.011
963.22	0.012
963.47	0.012
963.71	0.012
963.96	0.012
964.20	0.012
964.44	0.012
964.69	0.012
964.93	0.012
965.18	0.012
965.42	0.012
965.66	0.012
965.91	0.012
966.15	0.013
966.39	0.013
966.64	0.013
966.88	0.013
967.13	0.013
967.37	0.013
967.61	0.013
967.86	0.013
968.10	0.013
968.34	0.013
968.59	0.013
968.83	0.013
969.08	0.013
969.32	0.013
969.56	0.013
969.81	0.013
970.05	0.012
970.29	0.012
970.54	0.012
970.78	0.012
971.03	0.011
971.27	0.011
971.51	0.011
971.76	0.011
972.00	0.011
972.24	0.011
972.49	0.010
972.73	0.010
972.97	0.010
973.22	0.010
973.46	0.010
973.71	0.010
973.95	0.010
974.19	0.010
974.44	0.009
974.68	0.009
974.92	0.009
975.17	0.009
975.41	0.009
975.65	0.009
975.90	0.009
976.14	0.009
976.38	0.009
976.63	0.008
976.87	0.008
977.11	0.008
977.36	0.008
977.60	0.008
977.84	0.008
978.09	0.008
978.33	0.008
978.57	0.008
978.82	0.008
979.06	0.008
979.30	0.008
979.55	0.008
979.79	0.008
980.03	0.008
980.28	0.008
980.52	0.008
980.76	0.008
981.01	0.008
981.25	0.008
981.49	0.008
981.74	0.008
981.98	0.008
982.22	0.009
982.47	0.009
982.71	0.009
982.95	0.009
983.20	0.009
983.44	0.009
983.68	0.009
983.93	0.008
984.17	0.009
984.41	0.008
984.66	0.008
984.90	0.008
985.14	0.008
985.39	0.008
985.63	0.008
985.87	0.008
986.11	0.008
986.36	0.008
986.60	0.008
986.84	0.008
987.09	0.008
987.33	0.008
987.57	0.008
987.82	0.008
988.06	0.008
988.30	0.008
988.54	0.008
988.79	0.007
989.03	0.007
989.27	0.007
989.52	0.008
989.76	0.008
990.00	0.008
990.25	0.007
990.49	0.007
990.73	0.007
990.97	0.007
991.22	0.007
991.46	0.007
991.70	0.007
991.95	0.007
992.19	0.007
992.43	0.007
992.67	0.007
992.92	0.007
993.16	0.007
993.40	0.006
993.64	0.006
993.89	0.006
994.13	0.006
994.37	0.006
994.62	0.006
994.86	0.006
995.10	0.006
995.34	0.006
995.59	0.006
995.83	0.006
996.07	0.006
996.31	0.006
996.56	0.006
996.80	0.006
997.04	0.006
997.29	0.006
997.53	0.006
997.77	0.006
998.01	0.005
998.26	0.005
998.50	0.006
998.74	0.005
998.98	0.005
999.23	0.005
999.47	0.005
999.71	0.005
999.95	0.006
1000.20	0.006
1000.44	0.005
1000.68	0.005
1000.92	0.005
1001.17	0.005
1001.41	0.005
1001.65	0.005
1001.89	0.005
1002.14	0.005
1002.38	0.005
1002.62	0.005
1002.86	0.005
1003.11	0.005
1003.35	0.005
1003.59	0.005
1003.83	0.005
1004.08	0.005
1004.32	0.005
1004.56	0.005
1004.80	0.005
1005.04	0.005
1005.29	0.005
1005.53	0.005
1005.77	0.005
1006.01	0.005
1006.26	0.005
1006.50	0.005
1006.74	0.004
1006.98	0.004
1007.22	0.004
1007.47	0.004
1007.71	0.004
1007.95	0.004
1008.19	0.004
1008.44	0.004
1008.68	0.004
1008.92	0.004
1009.16	0.004
1009.40	0.004
1009.65	0.004
1009.89	0.004
1010.13	0.003
1010.37	0.003
1010.61	0.003
1010.86	0.003
1011.10	0.003
1011.34	0.003
1011.58	0.003
1011.83	0.003
1012.07	0.003
1012.31	0.004
1012.55	0.003
1012.79	0.004
1013.04	0.003
1013.28	0.003
1013.52	0.003
1013.76	0.003
1014.00	0.003
1014.25	0.003
1014.49	0.003
1014.73	0.003
1014.97	0.003
1015.21	0.003
1015.45	0.003
1015.70	0.003
1015.94	0.003
1016.18	0.004
1016.42	0.004
1016.66	0.004
1016.91	0.004
1017.15	0.004
1017.39	0.004
1017.63	0.004
1017.87	0.004
1018.11	0.004
1018.36	0.004
1018.60	0.004
1018.84	0.004
1019.08	0.004
1019.32	0.004
1019.57	0.004
1019.81	0.004
1020.05	0.004
1020.29	0.004
1020.53	0.004
1020.77	0.004
1021.02	0.004
1021.26	0.003
1021.50	0.003
1021.74	0.003
1021.98	0.003
1022.22	0.002
1022.47	0.002
1022.71	0.002
1022.95	0.002
1023.19	0.002
1023.43	0.002
1023.67	0.002
1023.92	0.002
1024.16	0.002
1024.40	0.002
1024.64	0.002
1024.88	0.001
1025.12	0.002
1025.36	0.002
1025.61	0.002
1025.85	0.002
1026.09	0.002
1026.33	0.001
1026.57	0.001
1026.81	0.002
1027.05	0.002
1027.30	0.002
1027.54	0.002
1027.78	0.002
1028.02	0.002
1028.26	0.002
1028.50	0.002
1028.74	0.001
1028.99	0.002
1029.23	0.002
1029.47	0.002
1029.71	0.002
1029.95	0.002
1030.19	0.001
1030.43	0.001
1030.67	0.001
1030.92	0.001
1031.16	0.001
1031.40	0.001
1031.64	0.001
1031.88	0.001
1032.12	0.001
1032.36	0.001
1032.60	0.001
1032.85	0.001
1033.09	0.000
1033.33	0.001
1033.57	0.001
1033.81	0.001
1034.05	0.002
1034.29	0.002
1034.53	0.003
1034.78	0.003
1035.02	0.003
1035.26	0.003
1035.50	0.003
1035.74	0.003
1035.98	0.003
1036.22	0.003
1036.46	0.003
1036.70	0.003
1036.94	0.003
1037.19	0.002
1037.43	0.002
1037.67	0.002
1037.91	0.002
1038.15	0.002
1038.39	0.003
1038.63	0.003
1038.87	0.002
1039.11	0.001
1039.35	0.001
1039.60	0.000
1039.84	-0.000
1040.08	-0.000
1040.32	0.000
1040.56	-0.001
1040.80	-0.001
1041.04	-0.000
1041.28	-0.000
1041.52	-0.000
1041.76	-0.000
1042.00	0.000
1042.24	0.000
1042.49	0.000
1042.73	0.001
1042.97	0.001
1043.21	0.001
1043.45	-0.001
1043.69	-0.001
1043.93	0.001
1044.17	0.001
1044.41	0.001
1044.65	0.001
1044.89	0.001
1045.13	0.002
1045.37	0.002
1045.62	0.003
1045.86	0.004
1046.10	0.003
1046.34	0.002
1046.58	0.002
1046.82	0.002
1047.06	0.002
1047.30	0.002
1047.54	0.002
1047.78	0.002
1048.02	0.001
1048.26	0.000
1048.50	0.001
1048.74	0.001
1048.98	0.000
1049.22	-0.000
1049.46	-0.001
1049.71	-0.001
1049.95	-0.001
1050.19	-0.001
1050.43	-0.001
1050.67	-0.001
1050.91	-0.001
1051.15	-0.001
1051.39	0.000
1051.63	0.000
1051.87	-0.000
1052.11	-0.001
1052.35	-0.001
1052.59	-0.001
1052.83	-0.002
1053.07	-0.002
1053.31	-0.001
1053.55	0.000
1053.79	0.001
1054.03	0.002
1054.27	0.002
1054.51	0.002
1054.75	0.002
1054.99	0.002
1055.23	0.001
1055.47	0.001
1055.71	0.000
1055.96	-0.000
1056.20	-0.000
1056.44	-0.001
1056.68	-0.000
1056.92	0.000
1057.16	0.001
1057.40	0.001
1057.64	0.002
1057.88	0.002
1058.12	0.002
1058.36	0.001
1058.60	-0.000
1058.84	-0.001
1059.08	-0.002
1059.32	-0.002
1059.56	-0.001
1059.80	-0.001
1060.04	-0.001
1060.28	-0.001
1060.52	-0.003
1060.76	-0.003
1061.00	-0.003
1061.24	-0.003
1061.48	-0.002
1061.72	-0.003
1061.96	-0.003
1062.20	-0.003
1062.44	-0.004
1062.68	-0.004
1062.92	-0.005
1063.16	-0.005
1063.40	-0.004
1063.64	-0.003
1063.88	-0.003
1064.12	-0.003
1064.36	-0.004
1064.60	-0.004
1064.84	-0.004
1065.08	-0.004
1065.32	-0.003
1065.56	-0.002
1065.80	-0.002
1066.04	-0.002
1066.28	-0.002
1066.52	-0.003
1066.76	-0.003
1067.00	-0.003
1067.24	-0.003
1067.48	-0.002
1067.72	-0.001
1067.96	0.001
1068.20	0.001
1068.43	0.000
1068.67	-0.001
1068.91	-0.001
1069.15	-0.002
1069.39	-0.002
1069.63	-0.003
1069.87	-0.003
1070.11	-0.002
1070.35	-0.003
1070.59	-0.004
1070.83	-0.004
1071.07	-0.003
1071.31	-0.002
1071.55	-0.002
1071.79	-0.002
1072.03	-0.003
1072.27	-0.004
1072.51	-0.005
1072.75	-0.006
1072.99	-0.007
1073.23	-0.007
1073.47	-0.006
1073.71	-0.005
1073.95	-0.005
1074.19	-0.004
1074.43	-0.005
1074.66	-0.004
1074.90	-0.004
1075.14	-0.005
1075.38	-0.003
1075.62	-0.002
1075.86	-0.001
1076.10	-0.002
1076.34	-0.003
1076.58	-0.003
1076.82	-0.003
1077.06	-0.002
1077.30	-0.001
1077.54	-0.001
1077.78	-0.001
1078.02	-0.000
1078.26	0.000
1078.50	-0.001
1078.73	-0.002
1078.97	-0.002
1079.21	-0.001
1079.45	0.000
1079.69	-0.001
1079.93	-0.000
1080.17	0.001
1080.41	-0.001
1080.65	-0.002
1080.89	-0.004
1081.13	-0.005
1081.37	-0.004
1081.61	-0.003
1081.84	-0.004
1082.08	-0.003
1082.32	-0.003
1082.56	-0.001
1082.80	-0.004
1083.04	-0.004
1083.28	-0.003
1083.52	-0.002
1083.76	-0.001
1084.00	-0.003
1084.24	-0.004
1084.48	-0.003
1084.71	-0.002
1084.95	-0.004
1085.19	-0.005
1085.43	-0.005
1085.67	-0.005
1085.91	-0.004
1086.15	-0.002
1086.39	-0.002
1086.63	-0.001
1086.87	0.000
1087.10	-0.002
1087.34	-0.004
1087.58	-0.006
1087.82	-0.005
1088.06	-0.006
1088.30	-0.005
1088.54	-0.005
1088.78	-0.005
1089.02	-0.004
1089.25	-0.001
1089.49	-0.001
1089.73	-0.002
1089.97	-0.001
1090.21	0.001
1090.45	0.002
1090.69	0.001
1090.93	0.001
1091.17	0.001
1091.40	-0.001
1091.64	-0.004
1091.88	-0.004
1092.12	-0.002
1092.36	-0.002
1092.60	-0.001
1092.84	-0.002
1093.08	-0.001
1093.31	-0.002
1093.55	-0.003
1093.79	-0.003
1094.03	-0.002
1094.27	-0.006
1094.51	-0.006
1094.75	-0.006
1094.99	-0.004
1095.22	-0.005
1095.46	-0.007
1095.70	-0.006
1095.94	-0.006
1096.18	-0.007
1096.42	-0.004
1096.66	-0.003
1096.89	-0.004
1097.13	-0.004
1097.37	-0.001
1097.61	-0.002
1097.85	0.002
1098.09	0.001
1098.33	0.003
1098.56	0.002
1098.80	0.002
1099.04	0.000
1099.28	-0.002
1099.52	-0.006
1099.76	-0.008
1099.99	-0.009
1100.23	-0.006
1100.47	-0.005
1100.71	-0.002
1100.95	-0.002
1101.19	0.001
1101.43	-0.003
1101.66	-0.000
1101.90	0.003
1102.14	0.007
1102.38	0.003
1102.62	0.003
1102.86	0.005
1103.09	0.008
1103.33	0.005
1103.57	0.008
1103.81	0.005
1104.05	0.004
1104.28	0.010
1104.52	0.018
1104.76	0.024
1105.00	0.023
1105.24	0.018
1105.48	0.018
1105.71	0.015
1105.95	0.015
1106.19	0.015
1106.43	0.020
1106.67	0.016
1106.91	0.014
1107.14	0.005
1107.38	0.007
1107.62	0.010
1107.86	0.002
1108.10	-0.006
1108.33	-0.008
1108.57	-0.012
1108.81	-0.006
1109.05	-0.001
1109.29	-0.005
1109.52	-0.009
1109.76	-0.007
1110.00	0.003
1110.24	0.011
1110.48	0.009
1110.71	0.008
1110.95	0.006
1111.19	0.005
1111.43	0.002
1111.67	-0.001
1111.90	0.000
1112.14	0.012
1112.38	0.017
1112.62	0.021
1112.86	0.023
1113.09	0.033
1113.33	0.044
1113.57	0.040
1113.81	0.032
1114.05	0.026
1114.28	0.031
1114.52	0.032
1114.76	0.025
1115.00	0.021
1115.23	0.018
1115.47	0.022
1115.71	0.021
1115.95	0.023
1116.19	0.035
1116.42	0.037
1116.66	0.052
1116.90	0.045
1117.14	0.034
1117.37	0.024
1117.61	0.018
1117.85	0.022
1118.09	0.013
1118.32	-0.001
1118.56	-0.005
1118.80	-0.003
1119.04	0.002
1119.28	-0.002
1119.51	-0.004
1119.75	0.002
1119.99	-0.012
1120.23	-0.016
1120.46	-0.014
1120.70	-0.005
1120.94	-0.010
1121.18	-0.039
1121.41	-0.065
1121.65	-0.112
1121.89	-0.011
1122.13	0.009
1122.36	-0.247
1122.60	-0.008
1122.84	0.083
1123.08	0.142
1123.31	-0.153
1123.55	-0.103
1123.79	-0.208
1124.03	-0.185
