206.17	0.122
206.44	0.116
206.71	0.109
206.98	0.119
207.25	0.115
207.52	0.140
207.79	0.175
208.06	0.193
208.33	0.237
208.60	0.249
208.87	0.246
209.14	0.266
209.41	0.266
209.68	0.293
209.95	0.342
210.22	0.304
210.49	0.289
210.76	0.264
211.03	0.252
211.30	0.256
211.57	0.265
211.84	0.305
212.11	0.386
212.38	0.432
212.65	0.406
212.92	0.411
213.19	0.420
213.46	0.428
213.73	0.449
214.00	0.492
214.27	0.496
214.54	0.472
214.81	0.440
215.08	0.409
215.35	0.394
215.62	0.395
215.89	0.404
216.16	0.421
216.43	0.435
216.70	0.438
216.97	0.424
217.24	0.420
217.51	0.418
217.78	0.433
218.05	0.432
218.32	0.441
218.59	0.439
218.86	0.443
219.13	0.441
219.40	0.428
219.67	0.435
219.94	0.441
220.21	0.439
220.48	0.445
220.75	0.450
221.02	0.450
221.29	0.448
221.56	0.447
221.83	0.442
222.10	0.448
222.37	0.444
222.63	0.437
222.90	0.437
223.17	0.440
223.44	0.441
223.71	0.441
223.98	0.444
224.25	0.450
224.52	0.445
224.79	0.448
225.06	0.451
225.33	0.455
225.60	0.460
225.87	0.461
226.14	0.461
226.41	0.460
226.68	0.457
226.95	0.460
227.22	0.457
227.49	0.462
227.76	0.461
228.03	0.464
228.30	0.463
228.56	0.463
228.83	0.461
229.10	0.463
229.37	0.465
229.64	0.468
229.91	0.470
230.18	0.469
230.45	0.470
230.72	0.471
230.99	0.468
231.26	0.471
231.53	0.466
231.80	0.467
232.07	0.464
232.34	0.466
232.61	0.462
232.88	0.462
233.14	0.460
233.41	0.460
233.68	0.459
233.95	0.460
234.22	0.456
234.49	0.458
234.76	0.458
235.03	0.458
235.30	0.458
235.57	0.462
235.84	0.465
236.11	0.469
236.38	0.471
236.64	0.471
236.91	0.468
237.18	0.466
237.45	0.462
237.72	0.463
237.99	0.462
238.26	0.462
238.53	0.460
238.80	0.459
239.07	0.458
239.34	0.458
239.61	0.456
239.87	0.460
240.14	0.462
240.41	0.463
240.68	0.463
240.95	0.463
241.22	0.461
241.49	0.459
241.76	0.457
242.03	0.459
242.30	0.459
242.57	0.463
242.83	0.464
243.10	0.464
243.37	0.463
243.64	0.462
243.91	0.461
244.18	0.463
244.45	0.464
244.72	0.466
244.99	0.466
245.26	0.464
245.52	0.462
245.79	0.459
246.06	0.458
246.33	0.458
246.60	0.459
246.87	0.458
247.14	0.458
247.41	0.455
247.68	0.452
247.94	0.450
248.21	0.451
248.48	0.451
248.75	0.453
249.02	0.458
249.29	0.459
249.56	0.456
249.83	0.455
250.10	0.454
250.36	0.452
250.63	0.451
250.90	0.452
251.17	0.453
251.44	0.454
251.71	0.452
251.98	0.451
252.25	0.450
252.51	0.451
252.78	0.453
253.05	0.455
253.32	0.458
253.59	0.460
253.86	0.458
254.13	0.456
254.39	0.453
254.66	0.452
254.93	0.451
255.20	0.451
255.47	0.452
255.74	0.450
256.01	0.449
256.28	0.448
256.54	0.450
256.81	0.450
257.08	0.452
257.35	0.454
257.62	0.455
257.89	0.456
258.16	0.456
258.42	0.456
258.69	0.453
258.96	0.452
259.23	0.451
259.50	0.450
259.77	0.448
260.04	0.447
260.30	0.445
260.57	0.443
260.84	0.444
261.11	0.444
261.38	0.445
261.65	0.446
261.91	0.447
262.18	0.448
262.45	0.449
262.72	0.451
262.99	0.453
263.26	0.453
263.52	0.453
263.79	0.453
264.06	0.451
264.33	0.450
264.60	0.450
264.87	0.449
265.14	0.449
265.40	0.448
265.67	0.446
265.94	0.446
266.21	0.445
266.48	0.446
266.74	0.447
267.01	0.446
267.28	0.445
267.55	0.445
267.82	0.446
268.09	0.444
268.35	0.443
268.62	0.443
268.89	0.444
269.16	0.443
269.43	0.443
269.70	0.443
269.96	0.444
270.23	0.443
270.50	0.441
270.77	0.440
271.04	0.440
271.30	0.440
271.57	0.440
271.84	0.441
272.11	0.442
272.38	0.441
272.65	0.443
272.91	0.443
273.18	0.439
273.45	0.440
273.72	0.441
273.99	0.440
274.25	0.440
274.52	0.446
274.79	0.445
275.06	0.442
275.33	0.443
275.59	0.442
275.86	0.442
276.13	0.443
276.40	0.444
276.67	0.443
276.93	0.445
277.20	0.445
277.47	0.436
277.74	0.435
278.01	0.436
278.27	0.434
278.54	0.434
278.81	0.438
279.08	0.440
279.35	0.439
279.61	0.438
279.88	0.438
280.15	0.438
280.42	0.437
280.68	0.437
280.95	0.436
281.22	0.436
281.49	0.435
281.76	0.434
282.02	0.434
282.29	0.434
282.56	0.433
282.83	0.433
283.10	0.434
283.36	0.434
283.63	0.433
283.90	0.435
284.17	0.436
284.43	0.436
284.70	0.436
284.97	0.435
285.24	0.433
285.50	0.432
285.77	0.431
286.04	0.430
286.31	0.430
286.58	0.430
286.84	0.428
287.11	0.427
287.38	0.428
287.65	0.429
287.91	0.429
288.18	0.431
288.45	0.432
288.72	0.430
288.98	0.429
289.25	0.429
289.52	0.427
289.79	0.426
290.05	0.427
290.32	0.428
290.59	0.425
290.86	0.424
291.12	0.424
291.39	0.422
291.66	0.421
291.93	0.422
292.19	0.421
292.46	0.421
292.73	0.422
293.00	0.420
293.26	0.419
293.53	0.418
293.80	0.418
294.07	0.417
294.33	0.417
294.60	0.418
294.87	0.416
295.14	0.416
295.40	0.416
295.67	0.413
295.94	0.412
296.21	0.411
296.47	0.411
296.74	0.409
297.01	0.408
297.28	0.408
297.54	0.409
297.81	0.409
298.08	0.408
298.35	0.407
298.61	0.406
298.88	0.404
299.15	0.402
299.41	0.402
299.68	0.402
299.95	0.401
300.22	0.401
300.48	0.400
300.75	0.398
301.02	0.398
301.29	0.397
301.55	0.398
301.82	0.399
302.09	0.400
302.35	0.399
302.62	0.399
302.89	0.397
303.16	0.395
303.42	0.394
303.69	0.393
303.96	0.392
304.22	0.389
304.49	0.389
304.76	0.387
305.03	0.385
305.29	0.385
305.56	0.383
305.83	0.381
306.09	0.382
306.36	0.382
306.63	0.381
306.89	0.380
307.16	0.379
307.43	0.378
307.70	0.377
307.96	0.376
308.23	0.375
308.50	0.373
308.76	0.371
309.03	0.369
309.30	0.368
309.56	0.366
309.83	0.366
310.10	0.366
310.37	0.366
310.63	0.366
310.90	0.365
311.17	0.363
311.43	0.362
311.70	0.360
311.97	0.360
312.23	0.359
312.50	0.358
312.77	0.358
313.03	0.356
313.30	0.354
313.57	0.351
313.84	0.350
314.10	0.350
314.37	0.349
314.64	0.348
314.90	0.347
315.17	0.346
315.44	0.345
315.70	0.343
315.97	0.342
316.24	0.342
316.50	0.342
316.77	0.342
317.04	0.340
317.30	0.340
317.57	0.340
317.84	0.338
318.10	0.338
318.37	0.336
318.64	0.335
318.90	0.334
319.17	0.332
319.44	0.330
319.70	0.328
319.97	0.327
320.24	0.327
320.50	0.325
320.77	0.324
321.04	0.323
321.30	0.322
321.57	0.321
321.84	0.320
322.10	0.320
322.37	0.319
322.64	0.318
322.90	0.317
323.17	0.316
323.44	0.315
323.70	0.313
323.97	0.312
324.23	0.311
324.50	0.311
324.77	0.310
325.03	0.309
325.30	0.308
325.57	0.307
325.83	0.308
326.10	0.307
326.37	0.305
326.63	0.304
326.90	0.304
327.17	0.303
327.43	0.302
327.70	0.302
327.96	0.301
328.23	0.299
328.50	0.297
328.76	0.297
329.03	0.297
329.30	0.296
329.56	0.294
329.83	0.292
330.10	0.291
330.36	0.290
330.63	0.288
330.89	0.287
331.16	0.288
331.43	0.287
331.69	0.286
331.96	0.286
332.23	0.286
332.49	0.285
332.76	0.285
333.02	0.284
333.29	0.283
333.56	0.283
333.82	0.282
334.09	0.280
334.36	0.278
334.62	0.277
334.89	0.276
335.15	0.275
335.42	0.275
335.69	0.273
335.95	0.273
336.22	0.273
336.48	0.272
336.75	0.271
337.02	0.272
337.28	0.271
337.55	0.271
337.82	0.270
338.08	0.271
338.35	0.271
338.61	0.270
338.88	0.268
339.15	0.267
339.41	0.266
339.68	0.265
339.94	0.264
340.21	0.264
340.48	0.263
340.74	0.262
341.01	0.261
341.27	0.259
341.54	0.259
341.81	0.259
342.07	0.258
342.34	0.259
342.60	0.259
342.87	0.258
343.13	0.258
343.40	0.257
343.67	0.257
343.93	0.257
344.20	0.257
344.46	0.256
344.73	0.255
345.00	0.254
345.26	0.252
345.53	0.250
345.79	0.250
346.06	0.248
346.33	0.248
346.59	0.247
346.86	0.247
347.12	0.247
347.39	0.246
347.65	0.245
347.92	0.246
348.19	0.245
348.45	0.245
348.72	0.245
348.98	0.243
349.25	0.241
349.51	0.241
349.78	0.239
350.05	0.239
350.31	0.238
350.58	0.238
350.84	0.237
351.11	0.237
351.37	0.237
351.64	0.236
351.90	0.235
352.17	0.235
352.44	0.233
352.70	0.232
352.97	0.233
353.23	0.233
353.50	0.232
353.76	0.231
354.03	0.230
354.30	0.230
354.56	0.229
354.83	0.229
355.09	0.230
355.36	0.230
355.62	0.229
355.89	0.228
356.15	0.228
356.42	0.228
356.68	0.227
356.95	0.226
357.22	0.226
357.48	0.226
357.75	0.225
358.01	0.224
358.28	0.224
358.54	0.223
358.81	0.222
359.07	0.222
359.34	0.222
359.60	0.221
359.87	0.221
360.14	0.220
360.40	0.219
360.67	0.219
360.93	0.219
361.20	0.220
361.46	0.220
361.73	0.219
361.99	0.219
362.26	0.218
362.52	0.218
362.79	0.217
363.05	0.218
363.32	0.217
363.58	0.217
363.85	0.218
364.11	0.217
364.38	0.215
364.65	0.214
364.91	0.215
365.18	0.215
365.44	0.216
365.71	0.215
365.97	0.215
366.24	0.215
366.50	0.214
366.77	0.213
367.03	0.212
367.30	0.212
367.56	0.212
367.83	0.212
368.09	0.212
368.36	0.211
368.62	0.211
368.89	0.211
369.15	0.211
369.42	0.210
369.68	0.211
369.95	0.210
370.21	0.210
370.48	0.209
370.74	0.209
371.01	0.208
371.27	0.208
371.54	0.207
371.80	0.207
372.07	0.206
372.33	0.206
372.60	0.206
372.86	0.206
373.13	0.206
373.39	0.206
373.66	0.205
373.92	0.205
374.19	0.205
374.45	0.204
374.72	0.204
374.98	0.205
375.25	0.205
375.51	0.205
375.78	0.205
376.04	0.206
376.31	0.205
376.57	0.205
376.84	0.205
377.10	0.205
377.37	0.205
377.63	0.205
377.90	0.204
378.16	0.204
378.42	0.205
378.69	0.205
378.95	0.204
379.22	0.204
379.48	0.204
379.75	0.205
380.01	0.205
380.28	0.206
380.54	0.205
380.81	0.205
381.07	0.205
381.34	0.205
381.60	0.205
381.87	0.205
382.13	0.204
382.40	0.204
382.66	0.203
382.92	0.203
383.19	0.203
383.45	0.203
383.72	0.203
383.98	0.202
384.25	0.202
384.51	0.202
384.78	0.203
385.04	0.203
385.31	0.202
385.57	0.202
385.84	0.202
386.10	0.203
386.36	0.202
386.63	0.202
386.89	0.202
387.16	0.202
387.42	0.201
387.69	0.201
387.95	0.200
388.22	0.200
388.48	0.200
388.74	0.200
389.01	0.199
389.27	0.199
389.54	0.199
389.80	0.199
390.07	0.198
390.33	0.199
390.60	0.198
390.86	0.198
391.12	0.198
391.39	0.199
391.65	0.198
391.92	0.199
392.18	0.198
392.45	0.198
392.71	0.197
392.97	0.197
393.24	0.196
393.50	0.196
393.77	0.196
394.03	0.195
394.30	0.195
394.56	0.195
394.82	0.195
395.09	0.195
395.35	0.195
395.62	0.194
395.88	0.194
396.15	0.194
396.41	0.194
396.67	0.194
396.94	0.194
397.20	0.193
397.47	0.193
397.73	0.193
397.99	0.193
398.26	0.193
398.52	0.193
398.79	0.193
399.05	0.193
399.32	0.193
399.58	0.192
399.84	0.192
400.11	0.191
400.37	0.191
400.64	0.191
400.90	0.192
401.16	0.192
401.43	0.191
401.69	0.191
401.96	0.190
402.22	0.190
402.48	0.190
402.75	0.190
403.01	0.189
403.28	0.190
403.54	0.188
403.80	0.188
404.07	0.187
404.33	0.187
404.60	0.187
404.86	0.188
405.12	0.188
405.39	0.188
405.65	0.188
405.92	0.187
406.18	0.187
406.44	0.186
406.71	0.186
406.97	0.186
407.23	0.186
407.50	0.186
407.76	0.185
408.03	0.185
408.29	0.184
408.55	0.184
408.82	0.185
409.08	0.186
409.35	0.186
409.61	0.186
409.87	0.185
410.14	0.184
410.40	0.184
410.66	0.185
410.93	0.184
411.19	0.184
411.46	0.184
411.72	0.183
411.98	0.182
412.25	0.183
412.51	0.183
412.77	0.184
413.04	0.185
413.30	0.185
413.56	0.185
413.83	0.185
414.09	0.185
414.36	0.184
414.62	0.184
414.88	0.183
415.15	0.182
415.41	0.182
415.67	0.182
415.94	0.181
416.20	0.181
416.46	0.181
416.73	0.181
416.99	0.181
417.25	0.182
417.52	0.182
417.78	0.183
418.05	0.183
418.31	0.182
418.57	0.182
418.84	0.182
419.10	0.181
419.36	0.181
419.63	0.181
419.89	0.181
420.15	0.180
420.42	0.180
420.68	0.179
420.94	0.179
421.21	0.179
421.47	0.178
421.73	0.178
422.00	0.179
422.26	0.178
422.52	0.178
422.79	0.177
423.05	0.177
423.31	0.176
423.58	0.177
423.84	0.177
424.10	0.177
424.37	0.177
424.63	0.177
424.89	0.176
425.16	0.175
425.42	0.174
425.68	0.174
425.95	0.173
426.21	0.174
426.47	0.174
426.74	0.174
427.00	0.174
427.26	0.174
427.53	0.173
427.79	0.173
428.05	0.174
428.32	0.174
428.58	0.174
428.84	0.174
429.10	0.173
429.37	0.173
429.63	0.173
429.89	0.173
430.16	0.172
430.42	0.173
430.68	0.172
430.95	0.172
431.21	0.172
431.47	0.173
431.74	0.172
432.00	0.173
432.26	0.172
432.52	0.172
432.79	0.172
433.05	0.172
433.31	0.173
433.58	0.173
433.84	0.172
434.10	0.172
434.37	0.171
434.63	0.172
434.89	0.171
435.15	0.171
435.42	0.171
435.68	0.171
435.94	0.170
436.21	0.170
436.47	0.170
436.73	0.170
436.99	0.170
437.26	0.171
437.52	0.170
437.78	0.170
438.05	0.169
438.31	0.169
438.57	0.168
438.83	0.167
439.10	0.168
439.36	0.169
439.62	0.169
439.89	0.168
440.15	0.168
440.41	0.168
440.67	0.168
440.94	0.168
441.20	0.169
441.46	0.169
441.73	0.169
441.99	0.168
442.25	0.167
442.51	0.167
442.78	0.167
443.04	0.167
443.30	0.167
443.56	0.166
443.83	0.166
444.09	0.166
444.35	0.166
444.61	0.166
444.88	0.166
445.14	0.166
445.40	0.166
445.67	0.166
445.93	0.166
446.19	0.165
446.45	0.165
446.72	0.165
446.98	0.165
447.24	0.165
447.50	0.165
447.77	0.164
448.03	0.164
448.29	0.164
448.55	0.164
448.82	0.164
449.08	0.164
449.34	0.164
449.60	0.164
449.87	0.164
450.13	0.164
450.39	0.163
450.65	0.163
450.92	0.163
451.18	0.163
451.44	0.163
451.70	0.163
451.97	0.162
452.23	0.162
452.49	0.162
452.75	0.162
453.01	0.162
453.28	0.161
453.54	0.161
453.80	0.161
454.06	0.161
454.33	0.161
454.59	0.161
454.85	0.161
455.11	0.161
455.38	0.161
455.64	0.160
455.90	0.160
456.16	0.160
456.42	0.160
456.69	0.160
456.95	0.160
457.21	0.160
457.47	0.160
457.74	0.159
458.00	0.159
458.26	0.159
458.52	0.159
458.78	0.159
459.05	0.159
459.31	0.159
459.57	0.159
459.83	0.159
460.09	0.159
460.36	0.158
460.62	0.158
460.88	0.158
461.14	0.158
461.41	0.158
461.67	0.158
461.93	0.158
462.19	0.158
462.45	0.158
462.72	0.158
462.98	0.158
463.24	0.158
463.50	0.157
463.76	0.157
464.03	0.156
464.29	0.156
464.55	0.155
464.81	0.155
465.07	0.155
465.34	0.155
465.60	0.155
465.86	0.155
466.12	0.155
466.38	0.155
466.65	0.154
466.91	0.154
467.17	0.154
467.43	0.154
467.69	0.154
467.95	0.154
468.22	0.154
468.48	0.154
468.74	0.154
469.00	0.153
469.26	0.153
469.53	0.153
469.79	0.153
470.05	0.153
470.31	0.153
470.57	0.153
470.83	0.152
471.10	0.152
471.36	0.153
471.62	0.153
471.88	0.152
472.14	0.152
472.41	0.152
472.67	0.152
472.93	0.152
473.19	0.151
473.45	0.151
473.71	0.151
473.98	0.151
474.24	0.150
474.50	0.151
474.76	0.150
475.02	0.150
475.28	0.150
475.55	0.150
475.81	0.149
476.07	0.149
476.33	0.149
476.59	0.149
476.85	0.149
477.11	0.149
477.38	0.149
477.64	0.148
477.90	0.148
478.16	0.148
478.42	0.148
478.68	0.148
478.95	0.148
479.21	0.147
479.47	0.147
479.73	0.147
479.99	0.147
480.25	0.147
480.51	0.147
480.78	0.147
481.04	0.147
481.30	0.147
481.56	0.147
481.82	0.147
482.08	0.147
482.34	0.147
482.61	0.147
482.87	0.147
483.13	0.147
483.39	0.146
483.65	0.146
483.91	0.146
484.17	0.145
484.43	0.145
484.70	0.145
484.96	0.145
485.22	0.145
485.48	0.145
485.74	0.145
486.00	0.145
486.26	0.145
486.52	0.145
486.79	0.145
487.05	0.144
487.31	0.144
487.57	0.144
487.83	0.144
488.09	0.143
488.35	0.143
488.61	0.143
488.88	0.143
489.14	0.143
489.40	0.142
489.66	0.142
489.92	0.142
490.18	0.142
490.44	0.142
490.70	0.142
490.96	0.141
491.23	0.141
491.49	0.141
491.75	0.141
492.01	0.141
492.27	0.140
492.53	0.140
492.79	0.140
493.05	0.140
493.31	0.140
493.58	0.140
493.84	0.139
494.10	0.139
494.36	0.139
494.62	0.139
494.88	0.139
495.14	0.139
495.40	0.139
495.66	0.139
495.92	0.138
496.19	0.138
496.45	0.138
496.71	0.138
496.97	0.138
497.23	0.138
497.49	0.137
497.75	0.137
498.01	0.137
498.27	0.137
498.53	0.137
498.79	0.137
499.05	0.137
499.32	0.136
499.58	0.136
499.84	0.136
500.10	0.136
500.36	0.136
500.62	0.135
500.88	0.135
501.14	0.135
501.40	0.135
501.66	0.135
501.92	0.135
502.18	0.135
502.44	0.135
502.71	0.135
502.97	0.135
503.23	0.134
503.49	0.134
503.75	0.134
504.01	0.134
504.27	0.133
504.53	0.133
504.79	0.133
505.05	0.133
505.31	0.133
505.57	0.133
505.83	0.133
506.09	0.133
506.35	0.133
506.62	0.133
506.88	0.133
507.14	0.133
507.40	0.132
507.66	0.132
507.92	0.132
508.18	0.132
508.44	0.132
508.70	0.132
508.96	0.132
509.22	0.132
509.48	0.132
509.74	0.132
510.00	0.132
510.26	0.132
510.52	0.132
510.78	0.132
511.04	0.131
511.30	0.131
511.56	0.131
511.82	0.132
512.09	0.131
512.35	0.131
512.61	0.131
512.87	0.131
513.13	0.131
513.39	0.131
513.65	0.130
513.91	0.130
514.17	0.130
514.43	0.130
514.69	0.130
514.95	0.130
515.21	0.130
515.47	0.130
515.73	0.129
515.99	0.129
516.25	0.129
516.51	0.129
516.77	0.129
517.03	0.129
517.29	0.129
517.55	0.128
517.81	0.128
518.07	0.128
518.33	0.129
518.59	0.128
518.85	0.128
519.11	0.128
519.37	0.128
519.63	0.128
519.89	0.128
520.15	0.128
520.41	0.128
520.67	0.128
520.93	0.128
521.19	0.127
521.45	0.127
521.71	0.127
521.97	0.127
522.23	0.127
522.49	0.127
522.75	0.127
523.01	0.127
523.27	0.127
523.53	0.127
523.79	0.126
524.05	0.126
524.31	0.126
524.57	0.126
524.83	0.126
525.09	0.126
525.35	0.125
525.61	0.126
525.87	0.125
526.13	0.125
526.39	0.125
526.65	0.125
526.91	0.125
527.17	0.125
527.43	0.125
527.69	0.125
527.95	0.125
528.21	0.125
528.47	0.125
528.73	0.125
528.99	0.125
529.25	0.125
529.51	0.124
529.77	0.124
530.03	0.124
530.29	0.124
530.55	0.124
530.81	0.124
531.07	0.124
531.33	0.124
531.59	0.124
531.85	0.123
532.11	0.123
532.37	0.123
532.63	0.123
532.89	0.123
533.15	0.123
533.41	0.122
533.67	0.122
533.93	0.122
534.19	0.122
534.45	0.122
534.71	0.122
534.97	0.122
535.23	0.122
535.48	0.122
535.74	0.122
536.00	0.122
536.26	0.122
536.52	0.122
536.78	0.121
537.04	0.121
537.30	0.122
537.56	0.121
537.82	0.121
538.08	0.121
538.34	0.121
538.60	0.121
538.86	0.121
539.12	0.121
539.38	0.121
539.64	0.121
539.90	0.121
540.16	0.121
540.42	0.121
540.68	0.121
540.93	0.120
541.19	0.120
541.45	0.119
541.71	0.119
541.97	0.119
542.23	0.119
542.49	0.119
542.75	0.119
543.01	0.119
543.27	0.119
543.53	0.118
543.79	0.118
544.05	0.118
544.31	0.118
544.57	0.118
544.83	0.118
545.08	0.117
545.34	0.117
545.60	0.117
545.86	0.116
546.12	0.116
546.38	0.116
546.64	0.116
546.90	0.116
547.16	0.116
547.42	0.116
547.68	0.116
547.94	0.116
548.19	0.116
548.45	0.116
548.71	0.116
548.97	0.116
549.23	0.115
549.49	0.115
549.75	0.115
550.01	0.115
550.27	0.115
550.53	0.115
550.79	0.115
551.05	0.115
551.30	0.115
551.56	0.115
551.82	0.114
552.08	0.114
552.34	0.114
552.60	0.114
552.86	0.113
553.12	0.113
553.38	0.113
553.64	0.113
553.89	0.112
554.15	0.112
554.41	0.113
554.67	0.113
554.93	0.112
555.19	0.112
555.45	0.112
555.71	0.112
555.97	0.112
556.23	0.111
556.48	0.111
556.74	0.111
557.00	0.111
557.26	0.110
557.52	0.110
557.78	0.110
558.04	0.110
558.30	0.110
558.55	0.110
558.81	0.111
559.07	0.111
559.33	0.111
559.59	0.111
559.85	0.111
560.11	0.111
560.37	0.111
560.63	0.110
560.88	0.110
561.14	0.110
561.40	0.110
561.66	0.110
561.92	0.110
562.18	0.110
562.44	0.110
562.69	0.109
562.95	0.109
563.21	0.109
563.47	0.109
563.73	0.108
563.99	0.108
564.25	0.108
564.51	0.108
564.76	0.107
565.02	0.107
565.28	0.107
565.54	0.107
565.80	0.107
566.06	0.107
566.32	0.107
566.57	0.107
566.83	0.106
567.09	0.107
567.35	0.107
567.61	0.107
567.87	0.107
568.13	0.107
568.38	0.107
568.64	0.107
568.90	0.107
569.16	0.107
569.42	0.107
569.68	0.106
569.93	0.106
570.19	0.106
570.45	0.106
570.71	0.106
570.97	0.106
571.23	0.106
571.48	0.106
571.74	0.105
572.00	0.105
572.26	0.105
572.52	0.105
572.78	0.104
573.03	0.104
573.29	0.104
573.55	0.104
573.81	0.104
574.07	0.103
574.33	0.103
574.58	0.103
574.84	0.103
575.10	0.103
575.36	0.102
575.62	0.102
575.88	0.102
576.13	0.102
576.39	0.102
576.65	0.102
576.91	0.102
577.17	0.102
577.43	0.102
577.68	0.102
577.94	0.102
578.20	0.102
578.46	0.102
578.72	0.102
578.97	0.101
579.23	0.101
579.49	0.101
579.75	0.101
580.01	0.101
580.26	0.101
580.52	0.101
580.78	0.101
581.04	0.101
581.30	0.101
581.55	0.101
581.81	0.101
582.07	0.101
582.33	0.101
582.59	0.101
582.84	0.100
583.10	0.100
583.36	0.100
583.62	0.100
583.88	0.100
584.13	0.100
584.39	0.100
584.65	0.099
584.91	0.099
585.17	0.099
585.42	0.099
585.68	0.099
585.94	0.099
586.20	0.099
586.46	0.098
586.71	0.098
586.97	0.098
587.23	0.098
587.49	0.098
587.74	0.097
588.00	0.097
588.26	0.097
588.52	0.097
588.78	0.097
589.03	0.097
589.29	0.097
589.55	0.097
589.81	0.097
590.06	0.097
590.32	0.096
590.58	0.096
590.84	0.096
591.10	0.096
591.35	0.096
591.61	0.096
591.87	0.096
592.13	0.096
592.38	0.096
592.64	0.096
592.90	0.096
593.16	0.096
593.41	0.096
593.67	0.095
593.93	0.095
594.19	0.095
594.45	0.095
594.70	0.095
594.96	0.095
595.22	0.095
595.48	0.095
595.73	0.094
595.99	0.094
596.25	0.094
596.51	0.094
596.76	0.094
597.02	0.094
597.28	0.094
597.54	0.094
597.79	0.094
598.05	0.094
598.31	0.094
598.57	0.094
598.82	0.094
599.08	0.093
599.34	0.093
599.60	0.093
599.85	0.093
600.11	0.093
600.37	0.093
600.62	0.093
600.88	0.093
601.14	0.093
601.40	0.093
601.65	0.092
601.91	0.092
602.17	0.092
602.43	0.092
602.68	0.092
602.94	0.092
603.20	0.092
603.46	0.092
603.71	0.091
603.97	0.091
604.23	0.091
604.48	0.091
604.74	0.091
605.00	0.091
605.26	0.091
605.51	0.091
605.77	0.091
606.03	0.091
606.28	0.091
606.54	0.091
606.80	0.091
607.06	0.090
607.31	0.090
607.57	0.090
607.83	0.090
608.08	0.090
608.34	0.090
608.60	0.089
608.86	0.089
609.11	0.089
609.37	0.089
609.63	0.089
609.88	0.089
610.14	0.089
610.40	0.089
610.66	0.089
610.91	0.089
611.17	0.089
611.43	0.089
611.68	0.089
611.94	0.089
612.20	0.089
612.45	0.089
612.71	0.089
612.97	0.089
613.23	0.089
613.48	0.089
613.74	0.089
614.00	0.089
614.25	0.089
614.51	0.089
614.77	0.089
615.02	0.089
615.28	0.089
615.54	0.089
615.79	0.088
616.05	0.088
616.31	0.088
616.56	0.088
616.82	0.088
617.08	0.088
617.34	0.088
617.59	0.088
617.85	0.088
618.11	0.088
618.36	0.088
618.62	0.087
618.88	0.087
619.13	0.087
619.39	0.087
619.65	0.087
619.90	0.087
620.16	0.086
620.42	0.086
620.67	0.086
620.93	0.086
621.19	0.086
621.44	0.086
621.70	0.086
621.96	0.086
622.21	0.086
622.47	0.086
622.73	0.086
622.98	0.086
623.24	0.086
623.50	0.086
623.75	0.086
624.01	0.086
624.27	0.086
624.52	0.086
624.78	0.086
625.03	0.086
625.29	0.086
625.55	0.085
625.80	0.085
626.06	0.085
626.32	0.085
626.57	0.085
626.83	0.085
627.09	0.085
627.34	0.085
627.60	0.085
627.86	0.084
628.11	0.084
628.37	0.084
628.63	0.084
628.88	0.084
629.14	0.084
629.39	0.084
629.65	0.084
629.91	0.084
630.16	0.084
630.42	0.084
630.68	0.084
630.93	0.083
631.19	0.083
631.45	0.083
631.70	0.083
631.96	0.083
632.21	0.083
632.47	0.083
632.73	0.083
632.98	0.083
633.24	0.083
633.50	0.083
633.75	0.083
634.01	0.083
634.26	0.083
634.52	0.082
634.78	0.082
635.03	0.082
635.29	0.082
635.54	0.082
635.80	0.082
636.06	0.082
636.31	0.082
636.57	0.082
636.83	0.082
637.08	0.082
637.34	0.081
637.59	0.081
637.85	0.081
638.11	0.081
638.36	0.081
638.62	0.081
638.87	0.081
639.13	0.081
639.39	0.082
639.64	0.082
639.90	0.081
640.15	0.081
640.41	0.081
640.67	0.081
640.92	0.081
641.18	0.081
641.43	0.081
641.69	0.081
641.95	0.081
642.20	0.081
642.46	0.080
642.71	0.080
642.97	0.080
643.23	0.080
643.48	0.080
643.74	0.080
643.99	0.080
644.25	0.080
644.50	0.079
644.76	0.079
645.02	0.079
645.27	0.079
645.53	0.079
645.78	0.079
646.04	0.079
646.30	0.079
646.55	0.079
646.81	0.079
647.06	0.079
647.32	0.079
647.57	0.079
647.83	0.078
648.09	0.078
648.34	0.078
648.60	0.078
648.85	0.078
649.11	0.078
649.36	0.078
649.62	0.078
649.88	0.078
650.13	0.078
650.39	0.077
650.64	0.077
650.90	0.077
651.15	0.077
651.41	0.077
651.66	0.077
651.92	0.077
652.18	0.077
652.43	0.076
652.69	0.076
652.94	0.076
653.20	0.076
653.45	0.076
653.71	0.076
653.96	0.076
654.22	0.076
654.48	0.076
654.73	0.076
654.99	0.076
655.24	0.076
655.50	0.076
655.75	0.076
656.01	0.076
656.26	0.075
656.52	0.075
656.77	0.075
657.03	0.075
657.29	0.075
657.54	0.075
657.80	0.075
658.05	0.075
658.31	0.076
658.56	0.075
658.82	0.075
659.07	0.075
659.33	0.075
659.58	0.075
659.84	0.075
660.09	0.075
660.35	0.075
660.61	0.075
660.86	0.075
661.12	0.075
661.37	0.075
661.63	0.074
661.88	0.074
662.14	0.074
662.39	0.074
662.65	0.074
662.90	0.074
663.16	0.074
663.41	0.074
663.67	0.074
663.92	0.073
664.18	0.073
664.43	0.073
664.69	0.073
664.94	0.073
665.20	0.073
665.45	0.073
665.71	0.073
665.96	0.072
666.22	0.072
666.47	0.072
666.73	0.072
666.98	0.072
667.24	0.072
667.49	0.072
667.75	0.072
668.00	0.071
668.26	0.071
668.51	0.072
668.77	0.072
669.02	0.071
669.28	0.071
669.53	0.072
669.79	0.072
670.04	0.072
670.30	0.071
670.55	0.071
670.81	0.071
671.06	0.071
671.32	0.072
671.57	0.071
671.83	0.071
672.08	0.071
672.34	0.071
672.59	0.071
672.85	0.071
673.10	0.071
673.36	0.071
673.61	0.071
673.87	0.071
674.12	0.070
674.38	0.070
674.63	0.070
674.89	0.070
675.14	0.070
675.40	0.070
675.65	0.070
675.91	0.069
676.16	0.069
676.41	0.069
676.67	0.069
676.92	0.069
677.18	0.069
677.43	0.069
677.69	0.069
677.94	0.069
678.20	0.069
678.45	0.069
678.71	0.068
678.96	0.068
679.22	0.068
679.47	0.068
679.73	0.068
679.98	0.068
680.23	0.068
680.49	0.068
680.74	0.068
681.00	0.068
681.25	0.068
681.51	0.068
681.76	0.068
682.02	0.068
682.27	0.068
682.53	0.068
682.78	0.068
683.03	0.068
683.29	0.068
683.54	0.068
683.80	0.067
684.05	0.068
684.31	0.068
684.56	0.067
684.82	0.067
685.07	0.068
685.32	0.067
685.58	0.067
685.83	0.067
686.09	0.067
686.34	0.067
686.60	0.067
686.85	0.067
687.10	0.067
687.36	0.067
687.61	0.066
687.87	0.066
688.12	0.066
688.38	0.066
688.63	0.066
688.88	0.066
689.14	0.066
689.39	0.066
689.65	0.066
689.90	0.066
690.16	0.065
690.41	0.065
690.66	0.065
690.92	0.065
691.17	0.065
691.43	0.065
691.68	0.065
691.94	0.065
692.19	0.065
692.44	0.065
692.70	0.065
692.95	0.065
693.21	0.065
693.46	0.065
693.71	0.064
693.97	0.064
694.22	0.065
694.48	0.065
694.73	0.065
694.98	0.065
695.24	0.064
695.49	0.064
695.75	0.064
696.00	0.064
696.25	0.064
696.51	0.064
696.76	0.064
697.02	0.064
697.27	0.064
697.52	0.064
697.78	0.064
698.03	0.064
698.29	0.064
698.54	0.064
698.79	0.064
699.05	0.064
699.30	0.064
699.56	0.064
699.81	0.063
700.06	0.063
700.32	0.063
700.57	0.063
700.83	0.063
701.08	0.063
701.33	0.063
701.59	0.063
701.84	0.063
702.09	0.063
702.35	0.063
702.60	0.063
702.86	0.063
703.11	0.063
703.36	0.063
703.62	0.062
703.87	0.062
704.12	0.062
704.38	0.062
704.63	0.062
704.89	0.062
705.14	0.062
705.39	0.062
705.65	0.062
705.90	0.062
706.15	0.062
706.41	0.062
706.66	0.061
706.92	0.061
707.17	0.061
707.42	0.061
707.68	0.061
707.93	0.061
708.18	0.061
708.44	0.061
708.69	0.061
708.94	0.061
709.20	0.061
709.45	0.061
709.70	0.061
709.96	0.061
710.21	0.061
710.47	0.061
710.72	0.061
710.97	0.061
711.23	0.061
711.48	0.061
711.73	0.061
711.99	0.061
712.24	0.061
712.49	0.060
712.75	0.060
713.00	0.060
713.25	0.060
713.51	0.060
713.76	0.060
714.01	0.060
714.27	0.059
714.52	0.059
714.77	0.059
715.03	0.059
715.28	0.059
715.53	0.059
715.79	0.059
716.04	0.059
716.29	0.059
716.55	0.058
716.80	0.058
717.05	0.059
717.31	0.058
717.56	0.058
717.81	0.059
718.07	0.059
718.32	0.059
718.57	0.059
718.83	0.058
719.08	0.058
719.33	0.058
719.59	0.058
719.84	0.058
720.09	0.058
720.34	0.058
720.60	0.059
720.85	0.059
721.10	0.058
721.36	0.058
721.61	0.058
721.86	0.058
722.12	0.058
722.37	0.058
722.62	0.058
722.88	0.058
723.13	0.058
723.38	0.058
723.63	0.058
723.89	0.058
724.14	0.058
724.39	0.058
724.65	0.057
724.90	0.058
725.15	0.057
725.41	0.057
725.66	0.057
725.91	0.057
726.16	0.057
726.42	0.057
726.67	0.057
726.92	0.057
727.18	0.057
727.43	0.057
727.68	0.057
727.93	0.057
728.19	0.057
728.44	0.057
728.69	0.057
728.95	0.057
729.20	0.057
729.45	0.057
729.70	0.057
729.96	0.057
730.21	0.057
730.46	0.057
730.72	0.057
730.97	0.056
731.22	0.056
731.47	0.056
731.73	0.056
731.98	0.056
732.23	0.056
732.48	0.056
732.74	0.056
732.99	0.056
733.24	0.056
733.50	0.055
733.75	0.055
734.00	0.055
734.25	0.055
734.51	0.055
734.76	0.055
735.01	0.055
735.26	0.055
735.52	0.055
735.77	0.054
736.02	0.054
736.27	0.054
736.53	0.054
736.78	0.054
737.03	0.054
737.28	0.054
737.54	0.054
737.79	0.054
738.04	0.054
738.29	0.054
738.55	0.054
738.80	0.054
739.05	0.053
739.30	0.053
739.56	0.053
739.81	0.053
740.06	0.054
740.31	0.053
740.57	0.053
740.82	0.053
741.07	0.053
741.32	0.053
741.58	0.053
741.83	0.053
742.08	0.053
742.33	0.053
742.59	0.053
742.84	0.053
743.09	0.053
743.34	0.053
743.59	0.053
743.85	0.053
744.10	0.053
744.35	0.053
744.60	0.053
744.86	0.053
745.11	0.052
745.36	0.052
745.61	0.052
745.87	0.052
746.12	0.052
746.37	0.052
746.62	0.052
746.87	0.052
747.13	0.052
747.38	0.052
747.63	0.052
747.88	0.052
748.13	0.052
748.39	0.051
748.64	0.051
748.89	0.051
749.14	0.051
749.40	0.051
749.65	0.051
749.90	0.051
750.15	0.051
750.40	0.051
750.66	0.051
750.91	0.051
751.16	0.051
751.41	0.051
751.66	0.051
751.92	0.051
752.17	0.051
752.42	0.050
752.67	0.050
752.92	0.050
753.18	0.050
753.43	0.050
753.68	0.050
753.93	0.050
754.18	0.050
754.44	0.050
754.69	0.050
754.94	0.050
755.19	0.050
755.44	0.050
755.69	0.050
755.95	0.050
756.20	0.050
756.45	0.050
756.70	0.050
756.95	0.050
757.21	0.050
757.46	0.050
757.71	0.050
757.96	0.050
758.21	0.050
758.46	0.050
758.72	0.050
758.97	0.050
759.22	0.050
759.47	0.050
759.72	0.050
759.97	0.050
760.23	0.050
760.48	0.050
760.73	0.050
760.98	0.049
761.23	0.049
761.48	0.049
761.74	0.049
761.99	0.049
762.24	0.049
762.49	0.049
762.74	0.048
762.99	0.048
763.25	0.048
763.50	0.048
763.75	0.048
764.00	0.047
764.25	0.047
764.50	0.047
764.76	0.047
765.01	0.047
765.26	0.047
765.51	0.047
765.76	0.047
766.01	0.047
766.26	0.047
766.52	0.047
766.77	0.047
767.02	0.047
767.27	0.047
767.52	0.047
767.77	0.047
768.02	0.047
768.28	0.047
768.53	0.047
768.78	0.047
769.03	0.048
769.28	0.048
769.53	0.048
769.78	0.047
770.04	0.047
770.29	0.047
770.54	0.047
770.79	0.047
771.04	0.047
771.29	0.047
771.54	0.047
771.79	0.047
772.05	0.047
772.30	0.047
772.55	0.047
772.80	0.047
773.05	0.047
773.30	0.047
773.55	0.047
773.80	0.046
774.06	0.046
774.31	0.046
774.56	0.046
774.81	0.046
775.06	0.046
775.31	0.046
775.56	0.046
775.81	0.046
776.06	0.046
776.32	0.046
776.57	0.046
776.82	0.046
777.07	0.046
777.32	0.046
777.57	0.045
777.82	0.046
778.07	0.046
778.32	0.045
778.58	0.046
778.83	0.045
779.08	0.046
779.33	0.045
779.58	0.045
779.83	0.045
780.08	0.045
780.33	0.045
780.58	0.045
780.83	0.045
781.08	0.044
781.34	0.044
781.59	0.044
781.84	0.045
782.09	0.045
782.34	0.044
782.59	0.044
782.84	0.044
783.09	0.044
783.34	0.044
783.59	0.044
783.84	0.044
784.10	0.044
784.35	0.043
784.60	0.043
784.85	0.044
785.10	0.043
785.35	0.043
785.60	0.043
785.85	0.044
786.10	0.044
786.35	0.044
786.60	0.044
786.85	0.043
787.10	0.043
787.36	0.043
787.61	0.044
787.86	0.043
788.11	0.043
788.36	0.044
788.61	0.044
788.86	0.044
789.11	0.044
789.36	0.044
789.61	0.044
789.86	0.044
790.11	0.044
790.36	0.044
790.61	0.043
790.86	0.043
791.11	0.043
791.36	0.043
791.62	0.043
791.87	0.043
792.12	0.043
792.37	0.043
792.62	0.043
792.87	0.043
793.12	0.043
793.37	0.043
793.62	0.043
793.87	0.042
794.12	0.042
794.37	0.042
794.62	0.042
794.87	0.042
795.12	0.042
795.37	0.042
795.62	0.042
795.87	0.042
796.12	0.042
796.37	0.042
796.62	0.042
796.87	0.042
797.13	0.042
797.38	0.042
797.63	0.042
797.88	0.042
798.13	0.041
798.38	0.041
798.63	0.041
798.88	0.041
799.13	0.041
799.38	0.041
799.63	0.041
799.88	0.041
800.13	0.041
800.38	0.041
800.63	0.041
800.88	0.041
801.13	0.041
801.38	0.041
801.63	0.041
801.88	0.041
802.13	0.040
802.38	0.040
802.63	0.040
802.88	0.040
803.13	0.040
803.38	0.040
803.63	0.040
803.88	0.040
804.13	0.040
804.38	0.040
804.63	0.040
804.88	0.040
805.13	0.040
805.38	0.039
805.63	0.039
805.88	0.039
806.13	0.039
806.38	0.039
806.63	0.039
806.88	0.039
807.13	0.039
807.38	0.039
807.63	0.039
807.88	0.039
808.13	0.039
808.38	0.039
808.63	0.039
808.88	0.039
809.13	0.039
809.38	0.039
809.63	0.039
809.88	0.039
810.13	0.039
810.38	0.039
810.63	0.039
810.88	0.039
811.13	0.039
811.38	0.039
811.63	0.039
811.88	0.039
812.13	0.039
812.38	0.039
812.63	0.039
812.88	0.039
813.13	0.039
813.38	0.039
813.63	0.039
813.88	0.039
814.13	0.039
814.38	0.039
814.63	0.038
814.87	0.038
815.12	0.038
815.37	0.038
815.62	0.038
815.87	0.037
816.12	0.037
816.37	0.037
816.62	0.038
816.87	0.038
817.12	0.038
817.37	0.037
817.62	0.037
817.87	0.038
818.12	0.037
818.37	0.037
818.62	0.038
818.87	0.038
819.12	0.038
819.37	0.038
819.62	0.038
819.87	0.038
820.12	0.038
820.37	0.038
820.61	0.038
820.86	0.038
821.11	0.038
821.36	0.038
821.61	0.038
821.86	0.038
822.11	0.038
822.36	0.038
822.61	0.038
822.86	0.038
823.11	0.038
823.36	0.038
823.61	0.038
823.86	0.038
824.11	0.038
824.36	0.038
824.60	0.037
824.85	0.037
825.10	0.037
825.35	0.037
825.60	0.038
825.85	0.037
826.10	0.038
826.35	0.038
826.60	0.037
826.85	0.037
827.10	0.037
827.35	0.037
827.60	0.037
827.85	0.037
828.09	0.037
828.34	0.037
828.59	0.037
828.84	0.037
829.09	0.037
829.34	0.037
829.59	0.037
829.84	0.038
830.09	0.038
830.34	0.038
830.59	0.037
830.83	0.037
831.08	0.038
831.33	0.038
831.58	0.037
831.83	0.037
832.08	0.037
832.33	0.037
832.58	0.037
832.83	0.037
833.08	0.037
833.32	0.037
833.57	0.037
833.82	0.037
834.07	0.037
834.32	0.037
834.57	0.037
834.82	0.037
835.07	0.037
835.32	0.036
835.57	0.036
835.81	0.036
836.06	0.036
836.31	0.036
836.56	0.036
836.81	0.037
837.06	0.037
837.31	0.037
837.56	0.037
837.80	0.036
838.05	0.036
838.30	0.036
838.55	0.036
838.80	0.036
839.05	0.036
839.30	0.036
839.55	0.035
839.80	0.035
840.04	0.035
840.29	0.035
840.54	0.035
840.79	0.035
841.04	0.035
841.29	0.035
841.54	0.035
841.78	0.034
842.03	0.034
842.28	0.034
842.53	0.034
842.78	0.034
843.03	0.034
843.28	0.034
843.53	0.033
843.77	0.033
844.02	0.034
844.27	0.034
844.52	0.034
844.77	0.034
845.02	0.034
845.27	0.034
845.51	0.034
845.76	0.034
846.01	0.034
846.26	0.034
846.51	0.034
846.76	0.034
847.00	0.034
847.25	0.034
847.50	0.034
847.75	0.034
848.00	0.034
848.25	0.034
848.50	0.034
848.74	0.034
848.99	0.034
849.24	0.034
849.49	0.034
849.74	0.034
849.99	0.034
850.23	0.033
850.48	0.033
850.73	0.033
850.98	0.033
851.23	0.033
851.48	0.034
851.72	0.034
851.97	0.034
852.22	0.034
852.47	0.034
852.72	0.034
852.96	0.034
853.21	0.034
853.46	0.034
853.71	0.034
853.96	0.034
854.21	0.034
854.45	0.034
854.70	0.034
854.95	0.034
855.20	0.034
855.45	0.034
855.69	0.034
855.94	0.033
856.19	0.033
856.44	0.033
856.69	0.033
856.94	0.033
857.18	0.033
857.43	0.032
857.68	0.032
857.93	0.032
858.18	0.032
858.42	0.032
858.67	0.032
858.92	0.032
859.17	0.032
859.42	0.032
859.66	0.032
859.91	0.032
860.16	0.032
860.41	0.032
860.66	0.031
860.90	0.031
861.15	0.031
861.40	0.031
861.65	0.031
861.90	0.031
862.14	0.031
862.39	0.031
862.64	0.031
862.89	0.031
863.13	0.031
863.38	0.031
863.63	0.031
863.88	0.031
864.13	0.031
864.37	0.031
864.62	0.031
864.87	0.031
865.12	0.031
865.36	0.031
865.61	0.031
865.86	0.031
866.11	0.031
866.36	0.031
866.60	0.031
866.85	0.031
867.10	0.031
867.35	0.031
867.59	0.031
867.84	0.031
868.09	0.031
868.34	0.031
868.59	0.031
868.83	0.031
869.08	0.031
869.33	0.031
869.58	0.031
869.82	0.031
870.07	0.031
870.32	0.031
870.57	0.031
870.81	0.031
871.06	0.031
871.31	0.030
871.56	0.030
871.80	0.030
872.05	0.030
872.30	0.030
872.55	0.030
872.79	0.030
873.04	0.030
873.29	0.030
873.54	0.030
873.78	0.030
874.03	0.030
874.28	0.030
874.53	0.030
874.77	0.030
875.02	0.030
875.27	0.030
875.52	0.030
875.76	0.030
876.01	0.030
876.26	0.030
876.50	0.030
876.75	0.030
877.00	0.030
877.25	0.030
877.49	0.030
877.74	0.030
877.99	0.030
878.24	0.029
878.48	0.029
878.73	0.029
878.98	0.029
879.22	0.029
879.47	0.028
879.72	0.028
879.97	0.028
880.21	0.028
880.46	0.028
880.71	0.028
880.96	0.028
881.20	0.028
881.45	0.027
881.70	0.027
881.94	0.027
882.19	0.027
882.44	0.027
882.69	0.027
882.93	0.027
883.18	0.027
883.43	0.027
883.67	0.027
883.92	0.027
884.17	0.027
884.41	0.027
884.66	0.027
884.91	0.027
885.16	0.027
885.40	0.027
885.65	0.027
885.90	0.027
886.14	0.027
886.39	0.027
886.64	0.027
886.88	0.027
887.13	0.027
887.38	0.027
887.63	0.027
887.87	0.027
888.12	0.027
888.37	0.027
888.61	0.027
888.86	0.027
889.11	0.027
889.35	0.027
889.60	0.027
889.85	0.027
890.09	0.027
890.34	0.027
890.59	0.028
890.83	0.028
891.08	0.028
891.33	0.027
891.57	0.027
891.82	0.027
892.07	0.027
892.32	0.027
892.56	0.027
892.81	0.027
893.06	0.027
893.30	0.027
893.55	0.027
893.80	0.027
894.04	0.027
894.29	0.027
894.54	0.027
894.78	0.027
895.03	0.027
895.28	0.026
895.52	0.026
895.77	0.026
896.02	0.026
896.26	0.026
896.51	0.026
896.75	0.026
897.00	0.026
897.25	0.026
897.49	0.026
897.74	0.026
897.99	0.026
898.23	0.026
898.48	0.026
898.73	0.026
898.97	0.026
899.22	0.026
899.47	0.026
899.71	0.026
899.96	0.026
900.21	0.026
900.45	0.026
900.70	0.026
900.95	0.026
901.19	0.026
901.44	0.026
901.68	0.026
901.93	0.026
902.18	0.026
902.42	0.026
902.67	0.026
902.92	0.026
903.16	0.026
903.41	0.026
903.65	0.026
903.90	0.025
904.15	0.025
904.39	0.025
904.64	0.025
904.89	0.025
905.13	0.025
905.38	0.025
905.63	0.025
905.87	0.025
906.12	0.025
906.36	0.025
906.61	0.025
906.86	0.025
907.10	0.025
907.35	0.025
907.59	0.025
907.84	0.025
908.09	0.025
908.33	0.025
908.58	0.025
908.83	0.025
909.07	0.025
909.32	0.025
909.56	0.025
909.81	0.024
910.06	0.024
910.30	0.024
910.55	0.024
910.79	0.024
911.04	0.024
911.29	0.024
911.53	0.024
911.78	0.024
912.02	0.024
912.27	0.024
912.52	0.024
912.76	0.024
913.01	0.024
913.25	0.024
913.50	0.023
913.75	0.023
913.99	0.023
914.24	0.023
914.48	0.023
914.73	0.023
914.97	0.023
915.22	0.023
915.47	0.023
915.71	0.023
915.96	0.023
916.20	0.023
916.45	0.022
916.70	0.022
916.94	0.022
917.19	0.022
917.43	0.022
917.68	0.022
917.92	0.022
918.17	0.022
918.42	0.022
918.66	0.022
918.91	0.022
919.15	0.022
919.40	0.022
919.64	0.022
919.89	0.021
920.14	0.021
920.38	0.021
920.63	0.021
920.87	0.021
921.12	0.021
921.36	0.021
921.61	0.021
921.85	0.021
922.10	0.021
922.35	0.021
922.59	0.021
922.84	0.021
923.08	0.021
923.33	0.021
923.57	0.021
923.82	0.021
924.06	0.021
924.31	0.021
924.56	0.020
924.80	0.020
925.05	0.020
925.29	0.021
925.54	0.021
925.78	0.020
926.03	0.020
926.27	0.020
926.52	0.020
926.76	0.020
927.01	0.020
927.26	0.020
927.50	0.020
927.75	0.020
927.99	0.020
928.24	0.020
928.48	0.020
928.73	0.020
928.97	0.020
929.22	0.020
929.46	0.020
929.71	0.020
929.95	0.020
930.20	0.020
930.44	0.020
930.69	0.020
930.94	0.020
931.18	0.020
931.43	0.020
931.67	0.019
931.92	0.019
932.16	0.019
932.41	0.019
932.65	0.019
932.90	0.019
933.14	0.019
933.39	0.019
933.63	0.018
933.88	0.018
934.12	0.018
934.37	0.018
934.61	0.018
934.86	0.018
935.10	0.018
935.35	0.018
935.59	0.018
935.84	0.017
936.08	0.017
936.33	0.018
936.57	0.018
936.82	0.018
937.06	0.018
937.31	0.018
937.55	0.018
937.80	0.018
938.04	0.018
938.29	0.019
938.53	0.019
938.78	0.019
939.02	0.019
939.27	0.020
939.51	0.020
939.76	0.020
940.00	0.020
940.25	0.020
940.49	0.020
940.74	0.020
940.98	0.020
941.23	0.020
941.47	0.020
941.72	0.020
941.96	0.020
942.21	0.020
942.45	0.020
942.70	0.020
942.94	0.020
943.19	0.020
943.43	0.020
943.67	0.020
943.92	0.020
944.16	0.019
944.41	0.019
944.65	0.019
944.90	0.019
945.14	0.019
945.39	0.020
945.63	0.020
945.88	0.020
946.12	0.020
946.37	0.020
946.61	0.019
946.86	0.019
947.10	0.019
947.34	0.019
947.59	0.019
947.83	0.019
948.08	0.019
948.32	0.019
948.57	0.019
948.81	0.019
949.06	0.019
949.30	0.019
949.55	0.019
949.79	0.019
950.04	0.019
950.28	0.018
950.52	0.018
950.77	0.017
951.01	0.017
951.26	0.017
951.50	0.017
951.75	0.017
951.99	0.018
952.24	0.018
952.48	0.017
952.72	0.017
952.97	0.017
953.21	0.017
953.46	0.017
953.70	0.017
953.95	0.017
954.19	0.017
954.43	0.017
954.68	0.017
954.92	0.017
955.17	0.017
955.41	0.017
955.66	0.017
955.90	0.017
956.14	0.017
956.39	0.017
956.63	0.017
956.88	0.017
957.12	0.017
957.37	0.016
957.61	0.016
957.85	0.016
958.10	0.016
958.34	0.016
958.59	0.016
958.83	0.016
959.07	0.016
959.32	0.016
959.56	0.016
959.81	0.016
960.05	0.016
960.30	0.015
960.54	0.015
960.78	0.015
961.03	0.015
961.27	0.015
961.52	0.015
961.76	0.015
962.00	0.015
962.25	0.016
962.49	0.016
962.74	0.016
962.98	0.016
963.22	0.016
963.47	0.016
963.71	0.016
963.96	0.016
964.20	0.016
964.44	0.016
964.69	0.016
964.93	0.016
965.18	0.016
965.42	0.016
965.66	0.016
965.91	0.016
966.15	0.016
966.39	0.016
966.64	0.016
966.88	0.016
967.13	0.016
967.37	0.015
967.61	0.015
967.86	0.015
968.10	0.015
968.34	0.015
968.59	0.015
968.83	0.015
969.08	0.015
969.32	0.015
969.56	0.015
969.81	0.015
970.05	0.015
970.29	0.015
970.54	0.015
970.78	0.015
971.03	0.015
971.27	0.015
971.51	0.014
971.76	0.014
972.00	0.014
972.24	0.014
972.49	0.014
972.73	0.014
972.97	0.014
973.22	0.014
973.46	0.014
973.71	0.014
973.95	0.014
974.19	0.014
974.44	0.014
974.68	0.014
974.92	0.014
975.17	0.014
975.41	0.014
975.65	0.014
975.90	0.014
976.14	0.014
976.38	0.014
976.63	0.014
976.87	0.014
977.11	0.014
977.36	0.013
977.60	0.013
977.84	0.013
978.09	0.013
978.33	0.013
978.57	0.013
978.82	0.013
979.06	0.013
979.30	0.013
979.55	0.013
979.79	0.013
980.03	0.013
980.28	0.013
980.52	0.013
980.76	0.014
981.01	0.014
981.25	0.014
981.49	0.014
981.74	0.014
981.98	0.014
982.22	0.014
982.47	0.014
982.71	0.014
982.95	0.014
983.20	0.015
983.44	0.014
983.68	0.014
983.93	0.014
984.17	0.014
984.41	0.014
984.66	0.014
984.90	0.014
985.14	0.014
985.39	0.014
985.63	0.014
985.87	0.013
986.11	0.013
986.36	0.013
986.60	0.013
986.84	0.013
987.09	0.013
987.33	0.013
987.57	0.013
987.82	0.013
988.06	0.013
988.30	0.012
988.54	0.012
988.79	0.012
989.03	0.012
989.27	0.012
989.52	0.012
989.76	0.013
990.00	0.013
990.25	0.012
990.49	0.012
990.73	0.012
990.97	0.012
991.22	0.012
991.46	0.013
991.70	0.012
991.95	0.013
992.19	0.013
992.43	0.013
992.67	0.012
992.92	0.012
993.16	0.012
993.40	0.012
993.64	0.012
993.89	0.013
994.13	0.012
994.37	0.012
994.62	0.012
994.86	0.012
995.10	0.011
995.34	0.011
995.59	0.012
995.83	0.012
996.07	0.012
996.31	0.012
996.56	0.012
996.80	0.012
997.04	0.012
997.29	0.011
997.53	0.011
997.77	0.012
998.01	0.012
998.26	0.012
998.50	0.012
998.74	0.012
998.98	0.012
999.23	0.012
999.47	0.012
999.71	0.012
999.95	0.012
1000.20	0.012
1000.44	0.012
1000.68	0.012
1000.92	0.012
1001.17	0.011
1001.41	0.012
1001.65	0.011
1001.89	0.011
1002.14	0.011
1002.38	0.011
1002.62	0.011
1002.86	0.011
1003.11	0.011
1003.35	0.011
1003.59	0.011
1003.83	0.011
1004.08	0.011
1004.32	0.011
1004.56	0.011
1004.80	0.011
1005.04	0.012
1005.29	0.012
1005.53	0.012
1005.77	0.012
1006.01	0.012
1006.26	0.012
1006.50	0.011
1006.74	0.011
1006.98	0.011
1007.22	0.011
1007.47	0.012
1007.71	0.011
1007.95	0.011
1008.19	0.011
1008.44	0.012
1008.68	0.012
1008.92	0.012
1009.16	0.012
1009.40	0.012
1009.65	0.012
1009.89	0.012
1010.13	0.011
1010.37	0.011
1010.61	0.011
1010.86	0.011
1011.10	0.011
1011.34	0.011
1011.58	0.011
1011.83	0.011
1012.07	0.011
1012.31	0.011
1012.55	0.011
1012.79	0.011
1013.04	0.011
1013.28	0.010
1013.52	0.010
1013.76	0.010
1014.00	0.010
1014.25	0.010
1014.49	0.010
1014.73	0.010
1014.97	0.010
1015.21	0.010
1015.45	0.010
1015.70	0.011
1015.94	0.011
1016.18	0.011
1016.42	0.011
1016.66	0.010
1016.91	0.010
1017.15	0.011
1017.39	0.011
1017.63	0.011
1017.87	0.010
1018.11	0.010
1018.36	0.011
1018.60	0.010
1018.84	0.010
1019.08	0.010
1019.32	0.010
1019.57	0.010
1019.81	0.010
1020.05	0.010
1020.29	0.010
1020.53	0.010
1020.77	0.010
1021.02	0.010
1021.26	0.010
1021.50	0.010
1021.74	0.010
1021.98	0.010
1022.22	0.009
1022.47	0.009
1022.71	0.009
1022.95	0.010
1023.19	0.010
1023.43	0.010
1023.67	0.010
1023.92	0.010
1024.16	0.010
1024.40	0.010
1024.64	0.010
1024.88	0.009
1025.12	0.009
1025.36	0.009
1025.61	0.009
1025.85	0.008
1026.09	0.008
1026.33	0.008
1026.57	0.008
1026.81	0.008
1027.05	0.009
1027.30	0.009
1027.54	0.009
1027.78	0.009
1028.02	0.009
1028.26	0.009
1028.50	0.008
1028.74	0.008
1028.99	0.008
1029.23	0.008
1029.47	0.008
1029.71	0.008
1029.95	0.009
1030.19	0.008
1030.43	0.008
1030.67	0.009
1030.92	0.009
1031.16	0.009
1031.40	0.009
1031.64	0.009
1031.88	0.009
1032.12	0.009
1032.36	0.008
1032.60	0.009
1032.85	0.008
1033.09	0.008
1033.33	0.008
1033.57	0.008
1033.81	0.009
1034.05	0.009
1034.29	0.009
1034.53	0.009
1034.78	0.009
1035.02	0.009
1035.26	0.009
1035.50	0.009
1035.74	0.009
1035.98	0.008
1036.22	0.008
1036.46	0.008
1036.70	0.008
1036.94	0.008
1037.19	0.007
1037.43	0.007
1037.67	0.007
1037.91	0.007
1038.15	0.007
1038.39	0.007
1038.63	0.006
1038.87	0.006
1039.11	0.006
1039.35	0.005
1039.60	0.005
1039.84	0.005
1040.08	0.005
1040.32	0.005
1040.56	0.005
1040.80	0.005
1041.04	0.006
1041.28	0.006
1041.52	0.005
1041.76	0.005
1042.00	0.005
1042.24	0.005
1042.49	0.005
1042.73	0.005
1042.97	0.005
1043.21	0.006
1043.45	0.006
1043.69	0.006
1043.93	0.007
1044.17	0.007
1044.41	0.007
1044.65	0.006
1044.89	0.007
1045.13	0.007
1045.37	0.007
1045.62	0.007
1045.86	0.007
1046.10	0.007
1046.34	0.006
1046.58	0.007
1046.82	0.007
1047.06	0.007
1047.30	0.006
1047.54	0.006
1047.78	0.007
1048.02	0.007
1048.26	0.006
1048.50	0.006
1048.74	0.006
1048.98	0.005
1049.22	0.005
1049.46	0.006
1049.71	0.006
1049.95	0.006
1050.19	0.006
1050.43	0.007
1050.67	0.007
1050.91	0.007
1051.15	0.006
1051.39	0.007
1051.63	0.007
1051.87	0.006
1052.11	0.006
1052.35	0.007
1052.59	0.007
1052.83	0.006
1053.07	0.006
1053.31	0.006
1053.55	0.006
1053.79	0.006
1054.03	0.007
1054.27	0.007
1054.51	0.007
1054.75	0.007
1054.99	0.007
1055.23	0.006
1055.47	0.006
1055.71	0.006
1055.96	0.006
1056.20	0.006
1056.44	0.005
1056.68	0.005
1056.92	0.005
1057.16	0.006
1057.40	0.006
1057.64	0.006
1057.88	0.006
1058.12	0.005
1058.36	0.006
1058.60	0.005
1058.84	0.005
1059.08	0.004
1059.32	0.003
1059.56	0.003
1059.80	0.003
1060.04	0.002
1060.28	0.002
1060.52	0.001
1060.76	0.000
1061.00	0.000
1061.24	0.002
1061.48	0.003
1061.72	0.003
1061.96	0.003
1062.20	0.004
1062.44	0.003
1062.68	0.002
1062.92	0.001
1063.16	0.002
1063.40	0.003
1063.64	0.003
1063.88	0.004
1064.12	0.004
1064.36	0.004
1064.60	0.004
1064.84	0.004
1065.08	0.005
1065.32	0.005
1065.56	0.006
1065.80	0.006
1066.04	0.007
1066.28	0.006
1066.52	0.006
1066.76	0.006
1067.00	0.006
1067.24	0.005
1067.48	0.006
1067.72	0.007
1067.96	0.008
1068.20	0.007
1068.43	0.007
1068.67	0.007
1068.91	0.007
1069.15	0.006
1069.39	0.007
1069.63	0.007
1069.87	0.008
1070.11	0.008
1070.35	0.007
1070.59	0.007
1070.83	0.007
1071.07	0.007
1071.31	0.008
1071.55	0.008
1071.79	0.008
1072.03	0.006
1072.27	0.005
1072.51	0.005
1072.75	0.006
1072.99	0.006
1073.23	0.007
1073.47	0.007
1073.71	0.006
1073.95	0.007
1074.19	0.009
1074.43	0.008
1074.66	0.009
1074.90	0.008
1075.14	0.008
1075.38	0.009
1075.62	0.010
1075.86	0.010
1076.10	0.009
1076.34	0.008
1076.58	0.007
1076.82	0.007
1077.06	0.009
1077.30	0.010
1077.54	0.010
1077.78	0.008
1078.02	0.008
1078.26	0.008
1078.50	0.007
1078.73	0.007
1078.97	0.007
1079.21	0.006
1079.45	0.005
1079.69	0.003
1079.93	0.001
1080.17	0.001
1080.41	-0.001
1080.65	-0.003
1080.89	-0.006
1081.13	-0.008
1081.37	-0.009
1081.61	-0.007
1081.84	-0.008
1082.08	-0.008
1082.32	-0.008
1082.56	-0.008
1082.80	-0.009
1083.04	-0.010
1083.28	-0.009
1083.52	-0.008
1083.76	-0.008
1084.00	-0.009
1084.24	-0.010
1084.48	-0.007
1084.71	-0.006
1084.95	-0.005
1085.19	-0.005
1085.43	-0.003
1085.67	-0.002
1085.91	0.000
1086.15	0.004
1086.39	0.004
1086.63	0.004
1086.87	0.006
1087.10	0.003
1087.34	0.002
1087.58	0.002
1087.82	0.004
1088.06	0.003
1088.30	0.003
1088.54	0.002
1088.78	0.004
1089.02	0.002
1089.25	0.003
1089.49	0.001
1089.73	0.003
1089.97	0.003
1090.21	0.003
1090.45	0.003
1090.69	0.003
1090.93	0.007
1091.17	0.006
1091.40	0.005
1091.64	0.004
1091.88	0.002
1092.12	0.003
1092.36	0.003
1092.60	0.003
1092.84	0.004
1093.08	0.004
1093.31	0.003
1093.55	0.003
1093.79	0.003
1094.03	0.007
1094.27	0.005
1094.51	0.006
1094.75	0.005
1094.99	0.006
1095.22	0.008
1095.46	0.008
1095.70	0.008
1095.94	0.005
1096.18	0.002
1096.42	0.004
1096.66	0.006
1096.89	0.007
1097.13	0.008
1097.37	0.010
1097.61	0.010
1097.85	0.010
1098.09	0.011
1098.33	0.011
1098.56	0.012
1098.80	0.009
1099.04	0.006
1099.28	0.007
1099.52	0.008
1099.76	0.007
1099.99	0.006
1100.23	0.009
1100.47	0.009
1100.71	0.011
1100.95	0.010
1101.19	0.016
1101.43	0.014
1101.66	0.013
1101.90	0.013
1102.14	0.012
1102.38	0.012
1102.62	0.010
1102.86	0.010
1103.09	0.008
1103.33	0.010
1103.57	0.011
1103.81	0.010
1104.05	0.007
1104.28	0.006
1104.52	0.006
1104.76	0.007
1105.00	0.005
1105.24	-0.000
1105.48	-0.000
1105.71	-0.008
1105.95	-0.005
1106.19	-0.005
1106.43	-0.001
1106.67	-0.003
1106.91	0.001
1107.14	-0.001
1107.38	-0.002
1107.62	-0.001
1107.86	-0.002
1108.10	-0.003
1108.33	-0.002
1108.57	-0.007
1108.81	-0.007
1109.05	-0.001
1109.29	0.004
1109.52	0.005
1109.76	0.008
1110.00	0.014
1110.24	0.017
1110.48	0.014
1110.71	0.019
1110.95	0.022
1111.19	0.017
1111.43	0.015
1111.67	0.019
1111.90	0.018
1112.14	0.026
1112.38	0.029
1112.62	0.032
1112.86	0.034
1113.09	0.040
1113.33	0.040
1113.57	0.036
1113.81	0.037
1114.05	0.039
1114.28	0.036
1114.52	0.035
1114.76	0.036
1115.00	0.039
1115.23	0.046
1115.47	0.049
1115.71	0.048
1115.95	0.047
1116.19	0.050
1116.42	0.049
1116.66	0.045
1116.90	0.035
